d 5 151 5 6 7
c 3 0 0 18 24 25 42 48 54 55 72 78 79 84 85 102 108 109 114 115 126 132 138 144 
c 3 0 1 18 24 25 48 54 55 72 78 79 84 85 102 108 109 114 115 132 138 144 
c 3 0 2 18 24 25 48 54 55 72 78 79 84 85 102 108 114 
c 3 0 3 18 24 48 54 55 72 78 79 84 85 102 108 114 
c 3 0 4 18 24 48 54 55 78 84 85 102 108 114 
c 3 0 5 24 48 54 55 78 84 85 102 108 114 
c 3 0 6 12 18 19 24 25 42 48 49 54 55 72 73 78 79 84 85 96 102 103 108 109 114 115 126 132 133 138 139 144 145 
c 3 0 7 12 18 19 24 25 42 48 49 54 55 72 78 79 84 85 96 102 103 108 109 114 115 126 132 138 144 
c 3 0 8 18 24 25 48 54 55 72 78 79 84 85 102 108 109 114 115 132 138 144 
c 3 0 9 18 24 48 54 55 78 84 85 102 108 114 
c 3 0 10 24 48 54 78 84 108 114 
c 3 0 11 24 54 78 84 
c 3 0 12 6 12 13 18 19 24 25 26 36 42 43 48 49 54 55 56 66 72 73 78 79 80 85 86 96 97 102 103 108 109 110 115 116 120 126 127 132 133 138 139 144 145 
c 3 0 13 12 18 19 24 25 36 42 48 49 54 55 56 66 72 73 78 79 85 86 96 102 103 108 109 114 115 126 132 133 138 139 144 145 
c 3 0 14 12 18 24 25 42 48 49 54 55 72 78 79 84 85 96 102 103 108 109 114 115 126 132 138 144 
c 3 0 15 24 48 54 55 78 84 102 108 114 
c 3 0 16 24 54 78 84 
c 3 0 17 54 84 
c 3 0 18 0 6 7 12 13 14 18 19 20 24 25 26 30 36 37 42 43 44 48 49 50 55 56 60 61 66 67 68 72 73 74 78 79 80 85 86 90 91 96 97 98 102 103 104 109 110 115 116 120 121 126 127 128 132 133 134 138 139 140 144 145 146 
c 3 0 19 6 12 13 18 19 24 25 26 36 42 43 48 49 50 55 56 60 66 67 72 73 78 79 80 85 86 90 96 97 102 103 108 109 110 115 116 120 126 127 132 133 138 139 144 145 
c 3 0 20 12 18 19 24 25 42 48 49 54 55 72 73 78 79 84 85 96 102 103 108 109 114 115 126 132 133 138 139 144 145 
c 3 0 21 24 48 54 78 84 108 114 
c 3 0 22 54 84 
c 3 0 23 
c 3 0 24 0 1 2 3 4 5 6 7 8 9 12 13 14 18 19 20 25 26 30 31 32 33 34 36 37 38 39 42 43 44 48 49 50 55 56 60 61 62 63 64 65 66 67 68 69 72 73 74 79 80 85 86 90 91 92 93 94 96 97 98 102 103 104 109 110 116 120 121 122 123 124 126 127 128 132 133 134 139 140 145 146 150 
c 3 0 25 0 6 7 12 13 14 18 19 20 24 25 26 30 36 37 38 42 43 44 48 49 50 55 56 60 61 66 67 68 72 73 74 78 79 80 85 86 90 91 96 97 98 102 103 104 109 110 115 116 120 121 126 127 128 132 133 134 138 139 140 144 145 146 
c 3 0 26 12 18 19 24 25 36 42 43 48 49 54 55 56 66 72 73 78 79 80 85 86 96 97 102 103 108 109 114 115 126 127 132 133 138 139 144 145 
c 3 0 27 24 54 78 84 
c 3 0 28 
c 3 0 29 
c 3 0 30 12 18 24 25 42 48 49 54 55 72 78 79 84 85 96 102 103 108 109 114 115 126 132 138 144 
c 3 0 31 18 24 25 42 48 49 54 55 72 78 79 84 85 96 102 108 109 114 115 126 132 138 144 
c 3 0 32 18 24 25 48 54 55 72 78 79 84 85 102 108 109 114 115 132 138 144 
c 3 0 33 18 24 48 54 55 72 78 79 84 85 102 108 114 
c 3 0 34 18 24 48 54 55 78 84 85 102 108 114 
c 3 0 35 24 48 54 55 78 84 102 108 114 
c 3 0 36 12 18 19 24 25 36 42 43 48 49 54 55 56 66 72 73 78 79 84 85 86 96 102 103 108 109 114 115 126 127 132 133 138 139 144 145 
c 3 0 37 12 18 19 24 25 42 48 49 54 55 72 73 78 79 84 85 96 102 103 108 109 114 115 126 132 133 138 139 144 145 
c 3 0 38 18 24 25 42 48 49 54 55 72 78 79 84 85 96 102 108 109 114 115 126 132 138 144 
c 3 0 39 18 24 48 54 55 78 84 85 102 108 114 
c 3 0 40 24 48 54 78 84 108 114 
c 3 0 41 24 54 78 84 
c 3 0 42 6 12 13 18 19 20 24 25 26 36 37 42 43 48 49 50 55 56 60 66 67 72 73 74 78 79 80 85 86 90 96 97 102 103 104 108 109 110 115 116 120 121 126 127 132 133 134 138 139 140 144 145 146 
c 3 0 43 12 13 18 19 24 25 36 42 43 48 49 54 55 56 66 72 73 78 79 80 85 86 96 97 102 103 108 109 110 114 115 116 120 126 127 132 133 138 139 144 145 
c 3 0 44 12 18 19 24 25 42 48 49 54 55 72 78 79 84 85 96 102 103 108 109 114 115 126 132 138 144 
c 3 0 45 24 48 54 78 84 108 114 
c 3 0 46 24 54 78 84 
c 3 0 47 54 84 
c 3 0 48 0 1 2 6 7 8 12 13 14 18 19 20 25 26 30 31 32 36 37 38 42 43 44 48 49 50 55 56 60 61 62 66 67 68 72 73 74 78 79 80 85 86 90 91 92 96 97 98 102 103 104 109 110 115 116 120 121 122 126 127 128 132 133 134 138 139 140 144 145 146 
c 3 0 49 0 6 7 12 13 18 19 20 24 25 26 30 36 37 42 43 44 48 49 50 55 56 60 61 66 67 72 73 74 78 79 80 85 86 90 91 96 97 98 102 103 104 108 109 110 115 116 120 121 126 127 128 132 133 134 138 139 140 144 145 146 
c 3 0 50 12 18 19 24 25 42 48 49 54 55 56 66 72 73 78 79 84 85 86 96 102 103 108 109 114 115 126 132 133 138 139 144 145 
c 3 0 51 24 54 78 84 108 114 
c 3 0 52 54 84 
c 3 0 53 
c 3 0 54 0 1 2 3 4 5 6 7 8 9 10 11 12 13 14 15 16 17 19 20 21 25 26 27 30 31 32 33 34 35 36 37 38 39 40 41 42 43 44 45 46 49 50 51 56 57 60 61 62 63 64 65 66 67 68 69 70 71 72 73 74 75 76 79 80 81 86 90 91 92 93 94 95 96 97 98 99 100 101 103 104 105 110 111 116 120 121 122 123 124 125 126 127 128 129 130 133 134 135 139 140 145 146 150 
c 3 0 55 0 1 2 3 6 7 8 12 13 14 18 19 20 25 26 30 31 32 36 37 38 42 43 44 48 49 50 55 56 60 61 62 66 67 68 72 73 74 79 80 85 86 90 91 92 96 97 98 102 103 104 109 110 115 116 120 121 122 126 127 128 132 133 134 138 139 140 144 145 146 150 
c 3 0 56 6 12 13 18 19 24 25 26 36 42 43 48 49 55 56 66 72 73 78 79 80 85 86 96 97 102 103 108 109 110 114 115 116 120 126 127 132 133 138 139 144 145 
c 3 0 57 24 54 78 84 
c 3 0 58 
c 3 0 59 
c 3 0 60 12 18 19 24 25 42 48 49 54 55 72 73 78 79 84 85 96 102 103 108 109 114 115 126 132 138 144 
c 3 0 61 12 18 24 25 42 48 49 54 55 72 78 79 84 85 96 102 103 108 109 114 115 126 132 138 144 
c 3 0 62 18 24 25 48 54 55 72 78 79 84 85 102 108 109 114 115 132 138 144 
c 3 0 63 18 24 48 54 55 72 78 79 84 85 102 108 114 
c 3 0 64 18 24 48 54 55 78 84 85 102 108 114 
c 3 0 65 24 48 54 55 78 84 102 108 114 
c 3 0 66 12 13 18 19 24 25 26 36 42 43 48 49 54 55 56 66 72 73 78 79 80 85 86 96 97 102 103 108 109 110 114 115 116 120 126 127 132 133 138 139 144 145 
c 3 0 67 12 18 19 24 25 42 48 49 54 55 56 66 72 73 78 79 84 85 86 96 102 103 108 109 114 115 126 132 133 138 139 144 145 
c 3 0 68 12 18 24 25 42 48 49 54 55 72 78 79 84 85 96 102 103 108 109 114 115 126 132 138 144 
c 3 0 69 18 24 48 54 55 78 84 85 102 108 114 
c 3 0 70 24 48 54 78 84 108 114 
c 3 0 71 24 54 78 84 
c 3 0 72 0 6 7 12 13 14 18 19 20 24 25 26 30 31 36 37 38 42 43 44 48 49 50 55 56 60 61 66 67 68 72 73 74 78 79 80 85 86 90 91 96 97 98 102 103 104 108 109 110 115 116 120 121 126 127 128 132 133 134 138 139 140 144 145 146 
c 3 0 73 6 12 13 18 19 24 25 26 36 42 43 48 49 50 54 55 56 60 66 67 72 73 78 79 80 85 86 90 96 97 102 103 108 109 110 115 116 120 126 127 132 133 138 139 144 145 
c 3 0 74 12 18 19 24 25 42 48 49 54 55 72 73 78 79 84 85 96 102 103 108 109 114 115 126 132 138 144 
c 3 0 75 24 48 54 78 84 108 114 
c 3 0 76 24 54 78 84 
c 3 0 77 54 
c 3 0 78 0 1 2 3 4 5 6 7 8 9 10 12 13 14 15 18 19 20 25 26 30 31 32 33 34 35 36 37 38 39 40 42 43 44 45 48 49 50 55 56 60 61 62 63 64 65 66 67 68 69 72 73 74 75 79 80 86 90 91 92 93 94 95 96 97 98 99 102 103 104 109 110 116 120 121 122 123 124 125 126 127 128 129 132 133 134 139 140 145 146 150 
c 3 0 79 0 1 6 7 8 12 13 14 18 19 20 24 25 26 30 31 36 37 38 42 43 44 48 49 50 55 56 60 61 62 66 67 68 72 73 74 78 79 80 85 86 90 91 92 96 97 98 102 103 104 109 110 115 116 120 121 122 126 127 128 132 133 134 138 139 140 144 145 146 
c 3 0 80 12 18 19 24 25 36 42 43 48 49 54 55 56 66 72 73 78 79 85 86 96 97 102 103 108 109 114 115 126 127 132 133 138 139 144 145 
c 3 0 81 24 54 78 84 
c 3 0 82 54 
c 3 0 83 
c 3 0 84 0 1 2 3 4 5 6 7 8 9 10 11 12 13 14 15 16 17 19 20 21 22 23 26 27 28 30 31 32 33 34 35 36 37 38 39 40 41 43 44 45 46 47 50 51 52 56 57 60 61 62 63 64 65 66 67 68 69 70 71 73 74 75 76 77 80 81 82 86 87 90 91 92 93 94 95 96 97 98 99 100 101 103 104 105 106 107 110 111 116 117 120 121 122 123 124 125 126 127 128 129 130 131 133 134 135 136 140 141 146 147 150 
c 3 0 85 0 1 2 6 7 8 12 13 14 18 19 20 25 26 30 31 32 36 37 38 42 43 44 48 49 50 55 56 60 61 62 66 67 68 72 73 74 79 80 85 86 90 91 92 96 97 98 102 103 104 109 110 115 116 120 121 122 126 127 128 132 133 134 139 140 145 146 
c 3 0 86 12 18 19 24 25 36 42 43 48 49 55 56 66 72 73 78 79 85 86 96 97 102 103 108 109 114 115 126 127 132 133 138 139 144 145 
c 3 0 87 24 54 78 84 
c 3 0 88 54 
c 3 0 89 
c 3 0 90 12 18 19 24 25 42 48 49 54 55 72 73 78 79 84 85 96 102 103 108 109 114 115 126 132 133 138 139 144 145 
c 3 0 91 12 18 19 24 25 42 48 49 54 55 72 78 79 84 85 96 102 103 108 109 114 115 126 132 138 144 
c 3 0 92 18 24 25 42 48 54 55 72 78 79 84 85 102 108 109 114 115 132 138 144 
c 3 0 93 18 24 48 54 55 72 78 84 85 102 108 114 
c 3 0 94 18 24 48 54 55 78 84 85 102 108 114 
c 3 0 95 24 48 54 55 78 84 102 108 114 
c 3 0 96 6 12 13 18 19 20 24 25 26 36 37 42 43 48 49 50 54 55 56 60 66 67 72 73 78 79 80 85 86 90 96 97 102 103 104 108 109 110 114 115 116 120 126 127 132 133 134 138 139 140 144 145 146 
c 3 0 97 12 18 19 24 25 36 42 43 48 49 54 55 56 66 72 73 78 79 84 85 86 96 97 102 103 108 109 114 115 126 127 132 133 138 139 144 145 
c 3 0 98 12 18 19 24 25 42 48 49 54 55 72 78 79 84 85 96 102 103 108 109 114 115 126 132 138 144 
c 3 0 99 24 48 54 55 78 84 102 108 114 
c 3 0 100 24 54 78 84 108 114 
c 3 0 101 24 54 78 84 
c 3 0 102 0 1 2 6 7 8 12 13 14 18 19 20 25 26 30 31 32 36 37 38 42 43 44 48 49 50 55 56 60 61 62 66 67 68 72 73 74 78 79 80 85 86 90 91 92 96 97 98 102 103 104 109 110 115 116 120 121 122 126 127 128 132 133 134 138 139 140 144 145 146 
c 3 0 103 6 12 13 18 19 20 24 25 26 36 37 42 43 48 49 50 55 56 60 66 67 72 73 78 79 80 85 86 90 96 97 102 103 104 108 109 110 115 116 120 126 127 132 133 134 138 139 140 144 145 146 
c 3 0 104 12 18 19 24 25 42 48 49 54 55 72 73 78 79 84 85 96 102 103 108 109 114 115 126 132 138 144 
c 3 0 105 24 48 54 78 84 108 114 
c 3 0 106 54 78 84 
c 3 0 107 
c 3 0 108 0 1 2 6 7 8 12 13 14 18 19 20 25 26 30 31 32 36 37 38 42 43 44 49 50 55 56 60 61 62 66 67 68 72 73 74 79 80 85 86 90 91 92 96 97 98 102 103 104 109 110 116 120 121 122 126 127 128 132 133 134 139 140 145 146 
c 3 0 109 6 12 13 18 19 20 24 25 26 36 37 42 43 48 49 50 55 56 60 66 67 72 73 78 79 80 85 86 90 96 97 102 103 104 109 110 115 116 120 126 127 132 133 134 138 139 140 144 145 146 
c 3 0 110 12 18 19 24 25 42 48 49 54 55 72 73 78 79 84 85 96 102 103 108 109 114 115 126 132 138 144 
c 3 0 111 24 48 54 78 84 108 114 
c 3 0 112 54 78 84 
c 3 0 113 
c 3 0 114 0 1 2 6 7 8 12 13 14 18 19 20 25 26 30 31 32 36 37 38 42 43 44 49 50 55 56 60 61 62 66 67 68 72 73 74 79 80 85 86 90 91 92 96 97 98 102 103 104 109 110 116 120 121 122 126 127 128 132 133 134 139 140 145 146 
c 3 0 115 6 12 13 18 19 20 24 25 26 36 37 42 43 48 49 50 55 56 60 66 67 72 73 78 79 80 85 86 90 96 97 102 103 104 109 110 115 116 120 126 127 132 133 134 138 139 140 144 145 146 
c 3 0 116 12 18 19 24 25 42 48 49 54 55 72 73 78 79 84 85 96 102 103 108 109 114 115 126 132 138 144 
c 3 0 117 24 48 54 78 84 108 114 
c 3 0 118 54 78 84 
c 3 0 119 
c 3 0 120 12 18 19 24 25 36 42 48 49 54 55 56 66 72 73 78 79 84 85 86 96 102 103 108 109 114 115 126 132 133 138 139 144 145 
c 3 0 121 12 18 19 24 25 42 48 49 54 55 72 73 78 79 84 85 96 102 103 108 109 114 115 126 132 138 144 
c 3 0 122 18 24 25 42 48 49 54 55 72 78 79 84 85 102 108 109 114 115 126 132 138 144 
c 3 0 123 18 24 48 54 55 72 78 84 85 102 108 114 
c 3 0 124 18 24 48 54 55 78 84 85 102 108 114 
c 3 0 125 24 48 54 55 78 84 102 108 114 
c 3 0 126 6 12 13 18 19 24 25 26 36 42 43 48 49 54 55 56 66 67 72 73 78 79 80 85 86 90 96 97 102 103 108 109 110 114 115 116 120 126 127 132 133 138 139 144 145 
c 3 0 127 12 18 19 24 25 42 48 49 54 55 66 72 73 78 79 84 85 86 96 102 103 108 109 114 115 126 132 133 138 139 144 145 
c 3 0 128 18 24 25 42 48 49 54 55 72 78 79 84 85 96 102 108 109 114 115 126 132 138 144 
c 3 0 129 24 48 54 55 78 84 85 102 108 114 
c 3 0 130 24 48 54 78 84 108 114 
c 3 0 131 24 54 78 84 
c 3 0 132 6 12 13 18 19 24 25 26 36 42 43 48 49 55 56 66 67 72 73 78 79 80 85 86 90 96 97 102 103 108 109 110 114 115 116 120 126 127 132 133 138 139 144 145 
c 3 0 133 12 18 19 24 25 42 48 49 54 55 66 72 73 78 79 84 85 86 96 102 103 108 109 114 115 126 132 133 138 139 144 145 
c 3 0 134 18 24 25 42 48 49 54 55 72 78 79 84 85 96 102 108 109 114 115 126 132 138 144 
c 3 0 135 24 48 54 55 78 84 85 102 108 114 
c 3 0 136 24 48 54 78 84 108 114 
c 3 0 137 24 54 78 84 
c 3 0 138 6 12 13 18 19 24 25 26 36 42 43 48 49 55 56 66 67 72 73 78 79 80 85 86 90 96 97 102 103 108 109 110 114 115 116 120 126 127 132 133 138 139 144 145 
c 3 0 139 12 18 19 24 25 42 48 49 54 55 66 72 73 78 79 84 85 86 96 102 103 108 109 114 115 126 132 133 138 139 144 145 
c 3 0 140 18 24 25 42 48 49 54 55 72 78 79 84 85 96 102 108 109 114 115 126 132 138 144 
c 3 0 141 24 48 54 55 78 84 85 102 108 114 
c 3 0 142 24 48 54 78 84 108 114 
c 3 0 143 24 54 78 84 
c 3 0 144 6 12 13 18 19 24 25 26 36 42 43 48 49 55 56 66 67 72 73 78 79 80 85 86 90 96 97 102 103 108 109 110 114 115 116 120 126 127 132 133 138 139 144 145 
c 3 0 145 12 18 19 24 25 42 48 49 54 55 66 72 73 78 79 84 85 86 96 102 103 108 109 114 115 126 132 133 138 139 144 145 
c 3 0 146 18 24 25 42 48 49 54 55 72 78 79 84 85 96 102 108 109 114 115 126 132 138 144 
c 3 0 147 24 48 54 55 78 84 85 102 108 114 
c 3 0 148 24 48 54 78 84 108 114 
c 3 0 149 24 54 78 84 
c 3 0 150 18 24 48 54 55 72 78 79 84 85 102 108 114 
c 4 0 0 18 24 25 48 54 
c 4 0 1 24 48 54 
c 4 0 2 24 54 
c 4 0 3 
c 4 0 4 
c 4 0 5 
c 4 0 6 18 19 24 25 42 48 49 54 55 72 78 84 
c 4 0 7 18 24 25 48 54 
c 4 0 8 24 48 54 
c 4 0 9 
c 4 0 10 
c 4 0 11 
c 4 0 12 6 12 13 18 19 20 24 25 26 36 37 42 43 48 49 50 54 55 56 60 66 67 72 73 78 79 84 85 90 96 102 108 114 
c 4 0 13 12 18 19 24 25 42 48 49 54 55 72 78 84 
c 4 0 14 18 24 25 48 54 
c 4 0 15 
c 4 0 16 
c 4 0 17 
c 4 0 18 0 1 2 3 6 7 8 12 13 14 18 19 20 24 25 26 30 31 32 36 37 38 42 43 44 48 49 50 55 56 60 61 62 66 67 68 72 73 74 78 79 80 84 85 86 90 91 92 96 97 98 102 103 104 108 109 110 114 115 116 120 121 122 123 124 125 126 127 128 129 130 131 132 133 134 135 136 137 138 139 140 141 142 143 144 145 146 147 148 149 150 
c 4 0 19 12 13 18 19 24 25 26 36 42 43 48 49 54 55 66 67 72 73 78 79 84 85 90 96 102 108 114 
c 4 0 20 18 24 25 48 54 
c 4 0 21 
c 4 0 22 
c 4 0 23 
c 4 0 24 0 1 2 3 4 5 6 7 8 9 10 12 13 14 15 19 20 26 30 31 32 33 34 35 36 37 38 39 40 43 44 45 50 56 60 61 62 63 64 65 66 67 68 69 73 74 75 79 80 81 85 86 87 90 91 92 93 94 95 96 97 98 99 100 102 103 104 105 106 108 109 110 111 112 114 115 116 117 118 120 121 122 123 124 125 126 127 128 129 130 131 132 133 134 135 136 137 138 139 140 141 142 143 144 145 146 147 148 149 150 
c 4 0 25 0 6 7 12 13 14 18 19 20 24 25 26 30 36 37 38 42 43 44 48 49 50 55 56 60 61 66 67 68 72 73 74 78 79 80 84 85 86 90 91 96 97 102 103 108 109 114 115 
c 4 0 26 18 19 24 25 42 48 49 54 55 72 78 84 
c 4 0 27 
c 4 0 28 
c 4 0 29 
c 4 0 30 18 24 25 48 54 72 78 84 
c 4 0 31 24 48 54 
c 4 0 32 24 48 54 
c 4 0 33 
c 4 0 34 
c 4 0 35 
c 4 0 36 12 18 19 24 25 42 48 49 54 55 66 72 78 84 
c 4 0 37 18 24 25 48 54 72 78 84 
c 4 0 38 24 48 54 
c 4 0 39 
c 4 0 40 
c 4 0 41 
c 4 0 42 0 1 6 7 8 12 13 14 18 19 20 24 25 26 30 31 36 37 38 42 43 44 48 49 50 54 55 56 60 61 62 66 67 68 72 73 74 78 79 80 84 85 86 90 91 92 96 97 98 102 103 104 108 109 110 114 115 116 
c 4 0 43 12 18 19 24 25 42 43 48 49 54 55 66 72 73 78 79 84 85 
c 4 0 44 18 24 25 48 54 
c 4 0 45 
c 4 0 46 
c 4 0 47 
c 4 0 48 0 1 2 6 7 8 12 13 14 18 19 20 25 26 30 31 32 36 37 38 42 43 44 49 50 55 56 60 61 62 66 67 68 72 73 74 78 79 80 84 85 86 90 91 92 96 97 98 102 103 104 108 109 110 114 115 116 120 121 122 123 124 125 126 127 128 129 130 131 132 133 134 135 136 137 138 139 140 141 142 143 144 145 146 147 148 149 150 
c 4 0 49 6 12 13 18 19 20 24 25 26 36 37 42 43 48 49 50 54 55 56 60 66 67 72 73 78 79 84 85 90 96 102 108 114 
c 4 0 50 18 24 25 42 48 54 72 78 84 
c 4 0 51 
c 4 0 52 
c 4 0 53 
c 4 0 54 0 1 2 6 7 8 12 13 14 19 20 26 30 31 32 36 37 38 43 44 50 56 60 61 62 66 67 68 73 74 79 80 85 86 90 91 92 96 97 98 102 103 104 108 109 110 114 115 116 120 121 122 123 124 125 126 127 128 129 130 131 132 133 134 135 136 137 138 139 140 141 142 143 144 145 146 147 148 149 150 
c 4 0 55 6 12 13 18 19 20 25 26 36 37 42 43 48 49 50 55 56 60 66 67 72 73 78 79 84 85 90 96 102 108 114 
c 4 0 56 18 24 25 42 48 54 72 78 84 
c 4 0 57 
c 4 0 58 
c 4 0 59 
c 4 0 60 18 24 25 48 54 
c 4 0 61 24 48 54 
c 4 0 62 24 48 54 
c 4 0 63 
c 4 0 64 
c 4 0 65 
c 4 0 66 12 13 18 19 24 25 26 36 42 43 48 49 54 55 66 72 73 78 79 84 85 96 102 108 114 
c 4 0 67 18 24 25 42 48 49 54 55 72 78 84 
c 4 0 68 24 48 54 
c 4 0 69 
c 4 0 70 
c 4 0 71 
c 4 0 72 6 12 13 18 19 20 24 25 26 36 37 42 43 48 49 50 55 56 60 66 67 72 73 78 79 84 85 90 96 102 108 114 
c 4 0 73 12 18 19 24 25 42 48 49 54 55 66 72 78 84 
c 4 0 74 18 24 25 48 54 
c 4 0 75 
c 4 0 76 
c 4 0 77 
c 4 0 78 6 12 13 18 19 20 25 26 36 37 42 43 48 49 50 55 56 60 66 67 72 73 78 79 84 85 90 96 102 108 114 
c 4 0 79 12 18 19 24 25 42 48 49 54 55 66 72 78 84 
c 4 0 80 18 24 25 48 54 
c 4 0 81 
c 4 0 82 
c 4 0 83 
c 4 0 84 6 12 13 18 19 20 25 26 36 37 42 43 48 49 50 55 56 60 66 67 72 73 78 79 84 85 90 96 102 108 114 
c 4 0 85 12 18 19 24 25 42 48 49 54 55 66 72 78 84 
c 4 0 86 18 24 25 48 54 
c 4 0 87 
c 4 0 88 
c 4 0 89 
c 4 0 90 18 24 25 42 48 49 54 55 72 78 84 
c 4 0 91 18 24 25 48 54 
c 4 0 92 24 48 54 
c 4 0 93 
c 4 0 94 
c 4 0 95 
c 4 0 96 12 18 19 24 25 42 48 49 54 55 72 78 84 
c 4 0 97 18 24 25 48 54 72 78 84 
c 4 0 98 24 48 54 
c 4 0 99 
c 4 0 100 
c 4 0 101 
c 4 0 102 12 18 19 24 25 42 48 49 54 55 72 78 84 
c 4 0 103 18 24 25 48 54 72 78 84 
c 4 0 104 24 48 54 
c 4 0 105 
c 4 0 106 
c 4 0 107 
c 4 0 108 12 18 19 24 25 42 48 49 54 55 72 78 84 
c 4 0 109 18 24 25 48 54 72 78 84 
c 4 0 110 24 48 54 
c 4 0 111 
c 4 0 112 
c 4 0 113 
c 4 0 114 12 18 19 24 25 42 48 49 54 55 72 78 84 
c 4 0 115 18 24 25 48 54 72 78 84 
c 4 0 116 24 48 54 
c 4 0 117 
c 4 0 118 
c 4 0 119 
c 4 0 120 18 24 48 54 
c 4 0 121 24 48 54 
c 4 0 122 24 48 54 
c 4 0 123 
c 4 0 124 
c 4 0 125 
c 4 0 126 18 24 48 54 
c 4 0 127 24 48 54 
c 4 0 128 24 48 54 
c 4 0 129 
c 4 0 130 
c 4 0 131 
c 4 0 132 18 24 48 54 
c 4 0 133 24 48 54 
c 4 0 134 24 48 54 
c 4 0 135 
c 4 0 136 
c 4 0 137 
c 4 0 138 18 24 48 54 
c 4 0 139 24 48 54 
c 4 0 140 24 48 54 
c 4 0 141 
c 4 0 142 
c 4 0 143 
c 4 0 144 18 24 48 54 
c 4 0 145 24 48 54 
c 4 0 146 24 48 54 
c 4 0 147 
c 4 0 148 
c 4 0 149 
c 4 0 150 24 
c 3 2 0 0 1 2 3 4 5 6 7 8 9 10 11 12 13 14 15 16 17 18 19 20 21 22 24 25 26 27 30 31 32 33 34 35 36 37 38 39 40 41 42 43 44 45 46 48 49 50 51 54 55 56 57 60 61 62 63 64 65 66 67 68 69 70 71 72 73 74 75 76 78 79 80 81 84 85 86 87 90 91 92 93 94 95 96 97 98 99 100 101 102 103 104 105 106 108 109 110 111 114 115 116 120 121 122 123 124 125 126 127 128 129 130 131 132 133 134 135 138 139 140 141 144 145 146 150 
c 3 2 1 0 1 2 3 4 5 6 7 8 9 10 11 12 13 14 15 16 17 18 19 20 21 22 24 25 26 27 28 30 31 32 33 34 35 36 37 38 39 40 41 42 43 44 45 46 47 48 49 50 51 52 54 55 56 57 60 61 62 63 64 65 66 67 68 69 70 71 72 73 74 75 76 77 78 79 80 81 82 84 85 86 87 90 91 92 93 94 95 96 97 98 99 100 101 102 103 104 105 106 107 108 109 110 111 112 114 115 116 117 120 121 122 123 124 125 126 127 128 129 130 131 132 133 134 135 136 138 139 140 141 145 146 147 150 
c 3 2 2 0 1 2 3 4 5 6 7 8 9 10 11 12 13 14 15 16 17 18 19 20 21 22 24 25 26 27 28 30 31 32 33 34 35 36 37 38 39 40 41 42 43 44 45 46 47 48 49 50 51 52 54 55 56 57 58 60 61 62 63 64 65 66 67 68 69 70 71 72 73 74 75 76 77 78 79 80 81 82 84 85 86 87 90 91 92 93 94 95 96 97 98 99 100 101 102 103 104 105 106 107 108 109 110 111 112 114 115 116 117 120 121 122 123 124 125 126 127 128 129 130 131 132 133 134 135 136 137 138 139 140 141 142 145 146 147 150 
c 3 2 3 0 1 2 3 4 5 6 7 8 9 10 11 12 13 14 15 16 17 18 19 20 21 22 23 24 25 26 27 28 30 31 32 33 34 35 36 37 38 39 40 41 42 43 44 45 46 47 48 49 50 51 52 53 54 55 56 57 58 60 61 62 63 64 65 66 67 68 69 70 71 72 73 74 75 76 77 78 79 80 81 82 83 84 85 86 87 88 90 91 92 93 94 95 96 97 98 99 100 101 102 103 104 105 106 107 108 109 110 111 112 114 115 116 117 118 120 121 122 123 124 125 126 127 128 129 130 131 132 133 134 135 136 137 138 139 140 141 142 145 146 147 150 
c 3 2 4 0 1 2 3 4 5 6 7 8 9 10 11 12 13 14 15 16 17 18 19 20 21 22 23 24 25 26 27 28 30 31 32 33 34 35 36 37 38 39 40 41 42 43 44 45 46 47 48 49 50 51 52 53 54 55 56 57 58 60 61 62 63 64 65 66 67 68 69 70 71 72 73 74 75 76 77 78 79 80 81 82 83 84 85 86 87 88 90 91 92 93 94 95 96 97 98 99 100 101 102 103 104 105 106 107 108 109 110 111 112 114 115 116 117 118 120 121 122 123 124 125 126 127 128 129 130 131 132 133 134 135 136 137 138 139 140 141 142 145 146 147 150 
c 3 2 5 0 1 2 3 4 5 6 7 8 9 10 11 12 13 14 15 16 17 18 19 20 21 22 23 24 25 26 27 28 30 31 32 33 34 35 36 37 38 39 40 41 42 43 44 45 46 47 48 49 50 51 52 53 54 55 56 57 58 60 61 62 63 64 65 66 67 68 69 70 71 72 73 74 75 76 77 78 79 80 81 82 83 84 85 86 87 88 90 91 92 93 94 95 96 97 98 99 100 101 102 103 104 105 106 107 108 109 110 111 112 114 115 116 117 120 121 122 123 124 125 126 127 128 129 130 131 132 133 134 135 136 137 138 139 140 141 142 145 146 147 150 
c 3 2 6 6 7 12 13 18 19 20 24 25 26 30 36 37 42 43 44 48 49 50 54 55 56 60 66 67 72 73 74 78 79 80 84 85 86 90 91 96 97 102 103 104 108 109 110 114 115 116 120 121 126 127 128 132 133 134 138 139 140 144 145 146 
c 3 2 7 0 1 2 3 4 5 6 7 8 9 10 11 12 13 14 15 18 19 20 21 24 25 26 30 31 32 33 34 35 36 37 38 39 40 42 43 44 45 48 49 50 51 54 55 56 60 61 62 63 64 65 66 67 68 69 70 72 73 74 75 78 79 80 84 85 86 90 91 92 93 94 95 96 97 98 99 100 102 103 104 105 108 109 110 114 115 116 120 121 122 123 124 125 126 127 128 129 132 133 134 135 138 139 140 144 145 146 150 
c 3 2 8 0 1 2 3 4 5 6 7 8 9 10 11 12 13 14 15 16 17 18 19 20 21 22 24 25 26 27 28 30 31 32 33 34 35 36 37 38 39 40 41 42 43 44 45 46 47 48 49 50 51 52 54 55 56 57 60 61 62 63 64 65 66 67 68 69 70 71 72 73 74 75 76 77 78 79 80 81 82 84 85 86 87 90 91 92 93 94 95 96 97 98 99 100 101 102 103 104 105 106 108 109 110 111 112 114 115 116 117 120 121 122 123 124 125 126 127 128 129 130 131 132 133 134 135 136 138 139 140 141 145 146 147 150 
c 3 2 9 0 1 2 3 4 5 6 7 8 9 10 11 12 13 14 15 16 17 18 19 20 21 22 23 24 25 26 27 28 30 31 32 33 34 35 36 37 38 39 40 41 42 43 44 45 46 47 48 49 50 51 52 53 54 55 56 57 58 60 61 62 63 64 65 66 67 68 69 70 71 72 73 74 75 76 77 78 79 80 81 82 83 84 85 86 87 88 90 91 92 93 94 95 96 97 98 99 100 101 102 103 104 105 106 107 108 109 110 111 112 113 115 116 117 118 120 121 122 123 124 125 126 127 128 129 130 131 132 133 134 135 136 137 138 139 140 141 142 145 146 147 150 
c 3 2 10 0 1 2 3 4 5 6 7 8 9 10 11 12 13 14 15 16 17 18 19 20 21 22 23 24 25 26 27 28 29 30 31 32 33 34 35 36 37 38 39 40 41 42 43 44 45 46 47 48 49 50 51 52 53 54 55 56 57 58 60 61 62 63 64 65 66 67 68 69 70 71 72 73 74 75 76 77 78 79 80 81 82 83 84 85 86 87 88 90 91 92 93 94 95 96 97 98 99 100 101 102 103 104 105 106 107 108 109 110 111 112 113 114 115 116 117 118 120 121 122 123 124 125 126 127 128 129 130 131 132 133 134 135 136 137 138 139 140 141 142 145 146 147 150 
c 3 2 11 0 1 2 3 4 5 6 7 8 9 10 11 12 13 14 15 16 17 18 19 20 21 22 23 24 25 26 27 28 29 30 31 32 33 34 35 36 37 38 39 40 41 42 43 44 45 46 47 48 49 50 51 52 53 54 55 56 57 58 60 61 62 63 64 65 66 67 68 69 70 71 72 73 74 75 76 77 78 79 80 81 82 83 84 85 86 87 88 90 91 92 93 94 95 96 97 98 99 100 101 102 103 104 105 106 107 108 109 110 112 113 114 115 116 120 121 122 123 124 125 126 127 128 129 130 131 132 133 134 135 136 137 138 139 140 142 145 146 150 
c 3 2 12 85 108 109 114 115 132 138 139 144 145 146 
c 3 2 13 6 7 12 13 18 19 20 24 25 26 30 36 37 42 43 44 48 49 50 54 55 56 60 61 66 67 72 73 74 78 79 80 84 85 86 90 91 96 97 98 102 103 104 108 109 110 114 115 116 120 121 126 127 128 132 133 134 138 139 140 144 145 146 
c 3 2 14 0 1 2 3 4 5 6 7 8 9 10 11 12 13 14 15 16 17 18 19 20 21 22 24 25 26 27 30 31 32 33 34 35 36 37 38 39 40 41 42 43 44 45 46 48 49 50 51 54 55 56 57 60 61 62 63 64 65 66 67 68 69 70 71 72 73 74 75 76 78 79 80 81 84 85 86 87 90 91 92 93 94 95 96 97 98 99 100 101 102 103 104 105 106 108 109 110 111 114 115 116 120 121 122 123 124 125 126 127 128 129 130 131 132 133 134 135 138 139 140 141 145 146 150 
c 3 2 15 0 1 2 3 4 5 6 7 8 9 10 11 12 13 14 15 16 17 18 19 20 21 22 23 24 25 26 27 28 29 30 31 32 33 34 35 36 37 38 39 40 41 42 43 44 45 46 47 48 49 50 51 52 53 54 55 56 57 58 60 61 62 63 64 65 66 67 68 69 70 71 72 73 74 75 76 77 78 79 80 81 82 83 84 85 86 87 88 90 91 92 93 94 95 96 97 98 99 100 101 102 103 104 105 106 107 108 109 110 111 112 113 115 116 117 118 120 121 122 123 124 125 126 127 128 129 130 131 132 133 134 135 136 137 138 139 140 141 142 145 146 147 150 
c 3 2 16 0 1 2 3 4 5 6 7 8 9 10 11 12 13 14 15 16 17 18 19 20 21 22 23 24 25 26 27 28 29 30 31 32 33 34 35 36 37 38 39 40 41 42 43 44 45 46 47 48 49 50 51 52 53 54 55 56 57 58 59 60 61 62 63 64 65 66 67 68 69 70 71 72 73 74 75 76 77 78 79 80 81 82 83 84 85 86 87 88 89 90 91 92 93 94 95 96 97 98 99 100 101 102 103 104 105 106 107 108 109 110 111 112 113 115 116 117 118 120 121 122 123 124 125 126 127 128 129 130 131 132 133 134 135 136 137 138 139 140 141 142 143 145 146 147 150 
c 3 2 17 0 1 6 7 11 12 13 14 17 18 19 20 23 24 25 26 28 29 30 31 36 37 38 41 42 43 44 47 48 49 50 52 53 54 55 56 58 59 60 61 66 67 68 71 72 73 74 77 78 79 80 83 84 85 86 90 91 96 97 98 101 102 103 104 107 108 109 110 113 115 116 120 121 126 127 128 131 132 133 134 137 138 139 140 145 146 
c 3 2 18 145 
c 3 2 19 55 79 85 109 115 116 132 133 138 139 145 146 
c 3 2 20 0 1 2 3 4 5 6 7 8 9 10 11 12 13 14 15 18 19 20 21 24 25 26 30 31 32 33 34 35 36 37 38 39 40 42 43 44 45 48 49 50 51 54 55 56 60 61 62 63 64 65 66 67 68 69 70 72 73 74 75 78 79 80 84 85 86 90 91 92 93 94 95 96 97 98 99 100 102 103 104 105 108 109 110 114 115 116 120 121 122 123 124 125 126 127 128 129 132 133 134 138 139 140 145 146 150 
c 3 2 21 0 1 2 3 4 5 6 7 8 9 10 11 12 13 14 15 16 17 18 19 20 21 22 23 24 25 26 27 28 29 30 31 32 33 34 35 36 37 38 39 40 41 42 43 44 45 46 47 48 49 50 51 52 53 54 55 56 57 58 59 60 61 62 63 64 65 66 67 68 69 70 71 72 73 74 75 76 77 78 79 80 81 82 83 84 85 86 87 88 90 91 92 93 94 95 96 97 98 99 100 101 102 103 104 105 106 107 108 109 110 111 112 113 115 116 117 118 120 121 122 123 124 125 126 127 128 129 130 131 132 133 134 135 136 137 138 139 140 141 142 143 145 146 147 148 150 
c 3 2 22 0 1 2 3 4 5 6 7 8 9 10 11 12 13 14 15 16 17 18 19 20 21 22 23 24 25 26 27 28 29 30 31 32 33 34 35 36 37 38 39 40 41 42 43 44 45 46 47 48 49 50 51 52 53 54 55 56 58 59 60 61 62 63 64 65 66 67 68 69 70 71 72 73 74 75 76 77 78 79 80 82 83 84 85 86 88 89 90 91 92 93 94 95 96 97 98 99 100 101 102 103 104 105 106 107 108 109 110 112 113 115 116 118 120 121 122 123 124 125 126 127 128 129 130 131 132 133 134 136 137 138 139 140 142 143 145 146 150 
c 3 2 23 0 6 7 12 13 18 19 20 23 24 25 26 29 30 36 37 42 43 48 49 50 53 54 55 56 59 60 66 67 72 73 74 78 79 80 84 85 86 90 96 97 102 103 104 108 109 110 115 116 120 121 126 127 132 133 134 138 139 140 144 145 146 
c 3 2 24 
c 3 2 25 145 
c 3 2 26 0 1 2 6 7 8 12 13 14 18 19 20 24 25 26 30 31 32 36 37 38 42 43 44 48 49 50 54 55 56 60 61 62 66 67 68 72 73 74 78 79 80 84 85 86 90 91 92 96 97 98 102 103 104 108 109 110 115 116 120 121 122 126 127 128 132 133 134 138 139 140 145 146 
c 3 2 27 0 1 2 3 4 5 6 7 8 9 10 11 12 13 14 15 16 17 18 19 20 21 22 23 24 25 26 27 28 29 30 31 32 33 34 35 36 37 38 39 40 41 42 43 44 45 46 47 48 49 50 51 52 53 54 55 56 57 58 59 60 61 62 63 64 65 66 67 68 69 70 71 72 73 74 75 76 77 78 79 80 81 82 83 84 85 86 87 88 89 90 91 92 93 94 95 96 97 98 99 100 101 102 103 104 105 106 107 108 109 110 111 112 113 115 116 117 118 120 121 122 123 124 125 126 127 128 129 130 131 132 133 134 135 136 137 138 139 140 141 142 143 145 146 147 148 150 
c 3 2 28 0 1 2 5 6 7 8 10 11 12 13 14 16 17 18 19 20 22 23 24 25 26 28 29 30 31 32 35 36 37 38 41 42 43 44 46 47 48 49 50 52 53 54 55 56 58 59 60 61 62 65 66 67 68 71 72 73 74 77 78 79 80 82 83 85 86 88 89 90 91 92 95 96 97 98 101 102 103 104 107 108 109 110 113 115 116 118 119 120 121 122 125 126 127 128 131 132 133 134 137 138 139 140 143 145 146 
c 3 2 29 6 7 12 13 18 19 20 24 25 26 30 36 37 42 43 48 49 50 54 55 56 60 66 67 72 73 74 78 79 80 85 86 90 96 97 102 103 104 108 109 110 114 115 116 120 126 127 132 133 134 138 139 140 144 145 146 
c 3 2 30 0 1 2 3 4 5 6 7 8 9 10 11 12 13 14 15 16 17 18 19 20 21 22 24 25 26 27 30 31 32 33 34 35 36 37 38 39 40 41 42 43 44 45 46 48 49 50 51 54 55 56 57 60 61 62 63 64 65 66 67 68 69 70 71 72 73 74 75 76 78 79 80 81 84 85 86 87 90 91 92 93 94 95 96 97 98 99 100 101 102 103 104 105 106 108 109 110 111 114 115 116 120 121 122 123 124 125 126 127 128 129 130 131 132 133 134 135 138 139 140 141 144 145 146 150 
c 3 2 31 0 1 2 3 4 5 6 7 8 9 10 11 12 13 14 15 16 17 18 19 20 21 22 24 25 26 27 28 30 31 32 33 34 35 36 37 38 39 40 41 42 43 44 45 46 47 48 49 50 51 52 54 55 56 57 60 61 62 63 64 65 66 67 68 69 70 71 72 73 74 75 76 77 78 79 80 81 82 84 85 86 87 90 91 92 93 94 95 96 97 98 99 100 101 102 103 104 105 106 108 109 110 111 114 115 116 117 120 121 122 123 124 125 126 127 128 129 130 131 132 133 134 135 136 138 139 140 141 145 146 147 150 
c 3 2 32 0 1 2 3 4 5 6 7 8 9 10 11 12 13 14 15 16 17 18 19 20 21 22 24 25 26 27 28 30 31 32 33 34 35 36 37 38 39 40 41 42 43 44 45 46 47 48 49 50 51 52 54 55 56 57 58 60 61 62 63 64 65 66 67 68 69 70 71 72 73 74 75 76 77 78 79 80 81 82 84 85 86 87 90 91 92 93 94 95 96 97 98 99 100 101 102 103 104 105 106 107 108 109 110 111 112 114 115 116 117 120 121 122 123 124 125 126 127 128 129 130 131 132 133 134 135 136 137 138 139 140 141 145 146 147 150 
c 3 2 33 0 1 2 3 4 5 6 7 8 9 10 11 12 13 14 15 16 17 18 19 20 21 22 23 24 25 26 27 28 30 31 32 33 34 35 36 37 38 39 40 41 42 43 44 45 46 47 48 49 50 51 52 53 54 55 56 57 58 60 61 62 63 64 65 66 67 68 69 70 71 72 73 74 75 76 77 78 79 80 81 82 83 84 85 86 87 88 90 91 92 93 94 95 96 97 98 99 100 101 102 103 104 105 106 107 108 109 110 111 112 114 115 116 117 118 120 121 122 123 124 125 126 127 128 129 130 131 132 133 134 135 136 137 138 139 140 141 142 145 146 147 150 
c 3 2 34 0 1 2 3 4 5 6 7 8 9 10 11 12 13 14 15 16 17 18 19 20 21 22 23 24 25 26 27 28 30 31 32 33 34 35 36 37 38 39 40 41 42 43 44 45 46 47 48 49 50 51 52 53 54 55 56 57 58 60 61 62 63 64 65 66 67 68 69 70 71 72 73 74 75 76 77 78 79 80 81 82 83 84 85 86 87 88 90 91 92 93 94 95 96 97 98 99 100 101 102 103 104 105 106 107 108 109 110 111 112 113 114 115 116 117 118 120 121 122 123 124 125 126 127 128 129 130 131 132 133 134 135 136 137 138 139 140 141 142 145 146 147 150 
c 3 2 35 0 1 2 3 4 5 6 7 8 9 10 11 12 13 14 15 16 17 18 19 20 21 22 23 24 25 26 27 28 29 30 31 32 33 34 35 36 37 38 39 40 41 42 43 44 45 46 47 48 49 50 51 52 53 54 55 56 57 58 60 61 62 63 64 65 66 67 68 69 70 71 72 73 74 75 76 77 78 79 80 81 82 83 84 85 86 87 88 90 91 92 93 94 95 96 97 98 99 100 101 102 103 104 105 106 107 108 109 110 111 112 113 114 115 116 117 118 120 121 122 123 124 125 126 127 128 129 130 131 132 133 134 135 136 137 138 139 140 141 142 145 146 147 150 
c 3 2 36 6 12 13 18 19 24 25 26 36 37 42 43 48 49 50 54 55 56 60 66 67 72 73 78 79 80 84 85 86 90 96 97 102 103 104 108 109 110 114 115 116 120 126 127 132 133 134 138 139 140 144 145 146 
c 3 2 37 0 1 2 3 4 5 6 7 8 9 10 12 13 14 15 18 19 20 21 24 25 26 30 31 32 33 34 35 36 37 38 39 40 42 43 44 45 48 49 50 54 55 56 60 61 62 63 64 65 66 67 68 69 70 72 73 74 75 78 79 80 84 85 86 90 91 92 93 94 95 96 97 98 99 102 103 104 105 108 109 110 114 115 116 120 121 122 123 124 125 126 127 128 129 132 133 134 138 139 140 144 145 146 150 
c 3 2 38 0 1 2 3 4 5 6 7 8 9 10 11 12 13 14 15 16 17 18 19 20 21 22 24 25 26 27 28 30 31 32 33 34 35 36 37 38 39 40 41 42 43 44 45 46 47 48 49 50 51 52 54 55 56 57 60 61 62 63 64 65 66 67 68 69 70 71 72 73 74 75 76 77 78 79 80 81 82 84 85 86 87 90 91 92 93 94 95 96 97 98 99 100 101 102 103 104 105 106 108 109 110 111 114 115 116 117 120 121 122 123 124 125 126 127 128 129 130 131 132 133 134 135 136 138 139 140 141 145 146 147 150 
c 3 2 39 0 1 2 3 4 5 6 7 8 9 10 11 12 13 14 15 16 17 18 19 20 21 22 23 24 25 26 27 28 30 31 32 33 34 35 36 37 38 39 40 41 42 43 44 45 46 47 48 49 50 51 52 53 54 55 56 57 58 60 61 62 63 64 65 66 67 68 69 70 71 72 73 74 75 76 77 78 79 80 81 82 83 84 85 86 87 88 90 91 92 93 94 95 96 97 98 99 100 101 102 103 104 105 106 107 108 109 110 111 112 113 115 116 117 118 120 121 122 123 124 125 126 127 128 129 130 131 132 133 134 135 136 137 138 139 140 141 142 145 146 147 150 
c 3 2 40 0 1 2 3 4 5 6 7 8 9 10 11 12 13 14 15 16 17 18 19 20 21 22 23 24 25 26 27 28 29 30 31 32 33 34 35 36 37 38 39 40 41 42 43 44 45 46 47 48 49 50 51 52 53 54 55 56 57 58 59 60 61 62 63 64 65 66 67 68 69 70 71 72 73 74 75 76 77 78 79 80 81 82 83 84 85 86 87 88 90 91 92 93 94 95 96 97 98 99 100 101 102 103 104 105 106 107 108 109 110 111 112 113 115 116 117 118 120 121 122 123 124 125 126 127 128 129 130 131 132 133 134 135 136 137 138 139 140 141 142 143 145 146 147 150 
c 3 2 41 0 1 2 3 4 5 6 7 8 9 10 11 12 13 14 15 16 17 18 19 20 21 22 23 24 25 26 27 28 29 30 31 32 33 34 35 36 37 38 39 40 41 42 43 44 45 46 47 48 49 50 51 52 53 54 55 56 57 58 59 60 61 62 63 64 65 66 67 68 69 70 71 72 73 74 75 76 77 78 79 80 81 82 83 84 85 86 87 88 90 91 92 93 94 95 96 97 98 99 100 101 102 103 104 105 106 107 108 109 110 112 113 114 115 116 118 120 121 122 123 124 125 126 127 128 129 130 131 132 133 134 135 136 137 138 139 140 142 145 146 150 
c 3 2 42 115 138 139 144 145 
c 3 2 43 6 12 13 18 19 24 25 26 36 37 42 43 48 49 50 54 55 56 66 67 72 73 78 79 80 84 85 86 90 96 97 102 103 104 108 109 110 114 115 116 120 126 127 132 133 134 138 139 140 144 145 146 
c 3 2 44 0 1 2 3 4 5 6 7 8 9 10 11 12 13 14 15 16 18 19 20 21 24 25 26 27 30 31 32 33 34 35 36 37 38 39 40 41 42 43 44 45 46 48 49 50 51 54 55 56 57 60 61 62 63 64 65 66 67 68 69 70 71 72 73 74 75 76 78 79 80 81 84 85 86 87 90 91 92 93 94 95 96 97 98 99 100 101 102 103 104 105 106 108 109 110 111 114 115 116 120 121 122 123 124 125 126 127 128 129 130 131 132 133 134 135 138 139 140 141 145 146 150 
c 3 2 45 0 1 2 3 4 5 6 7 8 9 10 11 12 13 14 15 16 17 18 19 20 21 22 23 24 25 26 27 28 29 30 31 32 33 34 35 36 37 38 39 40 41 42 43 44 45 46 47 48 49 50 51 52 53 54 55 56 57 58 59 60 61 62 63 64 65 66 67 68 69 70 71 72 73 74 75 76 77 78 79 80 81 82 83 84 85 86 87 88 90 91 92 93 94 95 96 97 98 99 100 101 102 103 104 105 106 107 108 109 110 111 112 113 115 116 117 118 120 121 122 123 124 125 126 127 128 129 130 131 132 133 134 135 136 137 138 139 140 141 142 143 145 146 147 148 150 
c 3 2 46 0 1 2 3 4 5 6 7 8 9 10 11 12 13 14 15 16 17 18 19 20 21 22 23 24 25 26 27 28 29 30 31 32 33 34 35 36 37 38 39 40 41 42 43 44 45 46 47 48 49 50 51 52 53 54 55 56 57 58 59 60 61 62 63 64 65 66 67 68 69 70 71 72 73 74 75 76 77 78 79 80 81 82 83 84 85 86 87 88 89 90 91 92 93 94 95 96 97 98 99 100 101 102 103 104 105 106 107 108 109 110 111 112 113 115 116 117 118 120 121 122 123 124 125 126 127 128 129 130 131 132 133 134 135 136 137 138 139 140 141 142 143 145 146 147 148 150 
c 3 2 47 0 1 6 7 11 12 13 14 17 18 19 20 23 24 25 26 28 29 30 31 36 37 38 41 42 43 44 47 48 49 50 53 54 55 56 58 59 60 61 66 67 68 71 72 73 74 77 78 79 80 83 84 85 86 90 91 96 97 98 101 102 103 104 107 108 109 110 113 115 116 120 121 126 127 128 131 132 133 134 137 138 139 140 145 146 
c 3 2 48 
c 3 2 49 85 115 139 145 146 
c 3 2 50 0 1 2 3 4 5 6 7 8 9 12 13 14 15 18 19 20 24 25 26 30 31 32 33 34 35 36 37 38 39 42 43 44 45 48 49 50 54 55 56 60 61 62 63 64 65 66 67 68 69 72 73 74 78 79 80 84 85 86 90 91 92 93 94 95 96 97 98 99 102 103 104 108 109 110 114 115 116 120 121 122 123 124 125 126 127 128 129 132 133 134 138 139 140 145 146 150 
c 3 2 51 0 1 2 3 4 5 6 7 8 9 10 11 12 13 14 15 16 17 18 19 20 21 22 23 24 25 26 27 28 29 30 31 32 33 34 35 36 37 38 39 40 41 42 43 44 45 46 47 48 49 50 51 52 53 54 55 56 57 58 59 60 61 62 63 64 65 66 67 68 69 70 71 72 73 74 75 76 77 78 79 80 81 82 83 84 85 86 87 88 89 90 91 92 93 94 95 96 97 98 99 100 101 102 103 104 105 106 107 108 109 110 111 112 113 115 116 117 118 120 121 122 123 124 125 126 127 128 129 130 131 132 133 134 135 136 137 138 139 140 141 142 143 145 146 147 148 150 
c 3 2 52 0 1 2 3 4 5 6 7 8 9 10 11 12 13 14 15 16 17 18 19 20 21 22 23 24 25 26 27 28 29 30 31 32 33 34 35 36 37 38 39 40 41 42 43 44 45 46 47 48 49 50 51 52 53 54 55 56 58 59 60 61 62 63 64 65 66 67 68 69 70 71 72 73 74 75 76 77 78 79 80 82 83 84 85 86 88 89 90 91 92 93 94 95 96 97 98 99 100 101 102 103 104 106 107 108 109 110 112 113 115 116 118 119 120 121 122 123 124 125 126 127 128 129 130 131 132 133 134 136 137 138 139 140 142 143 145 146 148 150 
c 3 2 53 0 6 7 12 13 18 19 20 23 24 25 26 29 30 36 37 42 43 44 48 49 50 53 54 55 56 59 60 61 66 67 72 73 74 78 79 80 85 86 90 91 96 97 102 103 104 108 109 110 115 116 120 121 126 127 132 133 134 138 139 140 144 145 146 
c 3 2 54 
c 3 2 55 
c 3 2 56 0 6 7 12 13 14 18 19 20 25 26 30 31 36 37 42 43 44 48 49 50 55 56 60 61 66 67 68 72 73 74 78 79 80 85 86 90 91 96 97 98 102 103 104 108 109 110 115 116 120 121 126 127 128 132 133 134 138 139 140 145 146 
c 3 2 57 0 1 2 3 4 5 6 7 8 9 10 11 12 13 14 15 16 17 18 19 20 21 22 23 24 25 26 27 28 29 30 31 32 33 34 35 36 37 38 39 40 41 42 43 44 45 46 47 48 49 50 51 52 53 54 55 56 57 58 59 60 61 62 63 64 65 66 67 68 69 70 71 72 73 74 75 76 77 78 79 80 81 82 83 85 86 87 88 89 90 91 92 93 94 95 96 97 98 99 100 101 102 103 104 105 106 107 108 109 110 111 112 113 115 116 117 118 119 120 121 122 123 124 125 126 127 128 129 130 131 132 133 134 135 136 137 138 139 140 141 142 143 145 146 147 148 150 
c 3 2 58 0 1 2 4 5 6 7 8 10 11 12 13 14 16 17 18 19 20 22 23 24 25 26 28 29 30 31 32 34 35 36 37 38 41 42 43 44 46 47 48 49 50 52 53 55 56 58 59 60 61 62 65 66 67 68 71 72 73 74 77 78 79 80 82 83 85 86 88 89 90 91 92 95 96 97 98 101 102 103 104 107 108 109 110 113 115 116 119 120 121 122 125 126 127 128 131 132 133 134 137 139 140 143 145 146 150 
c 3 2 59 0 6 7 12 13 18 19 20 24 25 26 30 36 37 42 43 44 48 49 50 55 56 60 61 66 67 72 73 74 78 79 80 85 86 90 91 96 97 102 103 104 109 110 115 116 120 121 126 127 128 132 133 134 138 139 140 144 145 146 
c 3 2 60 0 1 2 3 4 5 6 7 8 9 10 11 12 13 14 15 16 18 19 20 21 24 25 26 27 30 31 32 33 34 35 36 37 38 39 40 41 42 43 44 45 46 48 49 50 51 54 55 56 57 60 61 62 63 64 65 66 67 68 69 70 71 72 73 74 75 76 78 79 80 81 84 85 86 90 91 92 93 94 95 96 97 98 99 100 101 102 103 104 105 108 109 110 111 114 115 116 120 121 122 123 124 125 126 127 128 129 130 131 132 133 134 135 138 139 140 141 144 145 146 150 
c 3 2 61 0 1 2 3 4 5 6 7 8 9 10 11 12 13 14 15 16 17 18 19 20 21 22 24 25 26 27 28 30 31 32 33 34 35 36 37 38 39 40 41 42 43 44 45 46 47 48 49 50 51 52 54 55 56 57 60 61 62 63 64 65 66 67 68 69 70 71 72 73 74 75 76 77 78 79 80 81 82 84 85 86 87 90 91 92 93 94 95 96 97 98 99 100 101 102 103 104 105 106 108 109 110 111 114 115 116 117 120 121 122 123 124 125 126 127 128 129 130 131 132 133 134 135 136 138 139 140 141 145 146 147 150 
c 3 2 62 0 1 2 3 4 5 6 7 8 9 10 11 12 13 14 15 16 17 18 19 20 21 22 24 25 26 27 28 30 31 32 33 34 35 36 37 38 39 40 41 42 43 44 45 46 47 48 49 50 51 52 54 55 56 57 58 60 61 62 63 64 65 66 67 68 69 70 71 72 73 74 75 76 77 78 79 80 81 82 84 85 86 87 90 91 92 93 94 95 96 97 98 99 100 101 102 103 104 105 106 107 108 109 110 111 112 114 115 116 117 120 121 122 123 124 125 126 127 128 129 130 131 132 133 134 135 136 137 138 139 140 141 145 146 147 150 
c 3 2 63 0 1 2 3 4 5 6 7 8 9 10 11 12 13 14 15 16 17 18 19 20 21 22 23 24 25 26 27 28 30 31 32 33 34 35 36 37 38 39 40 41 42 43 44 45 46 47 48 49 50 51 52 53 54 55 56 57 58 60 61 62 63 64 65 66 67 68 69 70 71 72 73 74 75 76 77 78 79 80 81 82 83 84 85 86 87 88 90 91 92 93 94 95 96 97 98 99 100 101 102 103 104 105 106 107 108 109 110 111 112 114 115 116 117 118 120 121 122 123 124 125 126 127 128 129 130 131 132 133 134 135 136 137 138 139 140 141 142 145 146 147 150 
c 3 2 64 0 1 2 3 4 5 6 7 8 9 10 11 12 13 14 15 16 17 18 19 20 21 22 23 24 25 26 27 28 29 30 31 32 33 34 35 36 37 38 39 40 41 42 43 44 45 46 47 48 49 50 51 52 53 54 55 56 57 58 60 61 62 63 64 65 66 67 68 69 70 71 72 73 74 75 76 77 78 79 80 81 82 83 84 85 86 87 88 90 91 92 93 94 95 96 97 98 99 100 101 102 103 104 105 106 107 108 109 110 111 112 113 114 115 116 117 118 120 121 122 123 124 125 126 127 128 129 130 131 132 133 134 135 136 137 138 139 140 141 142 145 146 147 150 
c 3 2 65 0 1 2 3 4 5 6 7 8 9 10 11 12 13 14 15 16 17 18 19 20 21 22 23 24 25 26 27 28 29 30 31 32 33 34 35 36 37 38 39 40 41 42 43 44 45 46 47 48 49 50 51 52 53 54 55 56 57 58 60 61 62 63 64 65 66 67 68 69 70 71 72 73 74 75 76 77 78 79 80 81 82 83 84 85 86 87 88 90 91 92 93 94 95 96 97 98 99 100 101 102 103 104 105 106 107 108 109 110 111 112 113 114 115 116 117 118 120 121 122 123 124 125 126 127 128 129 130 131 132 133 134 135 136 137 138 139 140 141 142 145 146 147 150 
c 3 2 66 12 13 18 19 24 25 26 36 42 43 48 49 54 55 56 66 72 73 78 79 80 84 85 86 96 97 102 103 108 109 110 114 115 116 120 126 127 132 133 134 138 139 140 144 145 146 
c 3 2 67 0 1 2 3 4 5 6 7 8 9 12 13 14 15 18 19 20 24 25 26 30 31 32 33 34 35 36 37 38 39 42 43 44 48 49 50 54 55 56 60 61 62 63 64 65 66 67 68 69 72 73 74 78 79 80 84 85 86 90 91 92 93 94 95 96 97 98 99 102 103 104 108 109 110 114 115 116 120 121 122 123 124 125 126 127 128 129 132 133 134 138 139 140 145 146 150 
c 3 2 68 0 1 2 3 4 5 6 7 8 9 10 11 12 13 14 15 16 17 18 19 20 21 22 24 25 26 27 30 31 32 33 34 35 36 37 38 39 40 41 42 43 44 45 46 47 48 49 50 51 52 54 55 56 57 60 61 62 63 64 65 66 67 68 69 70 71 72 73 74 75 76 77 78 79 80 81 82 84 85 86 87 90 91 92 93 94 95 96 97 98 99 100 101 102 103 104 105 106 108 109 110 111 114 115 116 117 120 121 122 123 124 125 126 127 128 129 130 131 132 133 134 135 136 138 139 140 141 145 146 150 
c 3 2 69 0 1 2 3 4 5 6 7 8 9 10 11 12 13 14 15 16 17 18 19 20 21 22 23 24 25 26 27 28 29 30 31 32 33 34 35 36 37 38 39 40 41 42 43 44 45 46 47 48 49 50 51 52 53 54 55 56 57 58 60 61 62 63 64 65 66 67 68 69 70 71 72 73 74 75 76 77 78 79 80 81 82 83 84 85 86 87 88 90 91 92 93 94 95 96 97 98 99 100 101 102 103 104 105 106 107 108 109 110 111 112 113 115 116 117 118 120 121 122 123 124 125 126 127 128 129 130 131 132 133 134 135 136 137 138 139 140 141 142 145 146 147 150 
c 3 2 70 0 1 2 3 4 5 6 7 8 9 10 11 12 13 14 15 16 17 18 19 20 21 22 23 24 25 26 27 28 29 30 31 32 33 34 35 36 37 38 39 40 41 42 43 44 45 46 47 48 49 50 51 52 53 54 55 56 57 58 59 60 61 62 63 64 65 66 67 68 69 70 71 72 73 74 75 76 77 78 79 80 81 82 83 84 85 86 87 88 89 90 91 92 93 94 95 96 97 98 99 100 101 102 103 104 105 106 107 108 109 110 111 112 113 115 116 117 118 120 121 122 123 124 125 126 127 128 129 130 131 132 133 134 135 136 137 138 139 140 141 142 143 145 146 147 148 150 
c 3 2 71 0 1 2 3 4 5 6 7 8 9 10 11 12 13 14 15 16 17 18 19 20 21 22 23 24 25 26 27 28 29 30 31 32 33 34 35 36 37 38 39 40 41 42 43 44 45 46 47 48 49 50 51 52 53 54 55 56 57 58 59 60 61 62 63 64 65 66 67 68 69 70 71 72 73 74 75 76 77 78 79 80 81 82 83 84 85 86 88 89 90 91 92 93 94 95 96 97 98 99 100 101 102 103 104 105 106 107 108 109 110 112 113 115 116 118 120 121 122 123 124 125 126 127 128 129 130 131 132 133 134 135 136 137 138 139 140 142 145 146 150 
c 3 2 72 115 145 
c 3 2 73 19 25 42 43 48 49 55 56 66 72 73 78 79 85 86 96 102 103 108 109 110 114 115 116 126 127 132 133 138 139 140 145 146 
c 3 2 74 0 1 2 3 4 5 6 7 8 9 10 11 12 13 14 15 16 18 19 20 21 24 25 26 27 30 31 32 33 34 35 36 37 38 39 40 41 42 43 44 45 46 48 49 50 51 54 55 56 57 60 61 62 63 64 65 66 67 68 69 70 71 72 73 74 75 76 78 79 80 81 84 85 86 90 91 92 93 94 95 96 97 98 99 100 101 102 103 104 105 108 109 110 111 114 115 116 120 121 122 123 124 125 126 127 128 129 130 132 133 134 135 138 139 140 145 146 150 
c 3 2 75 0 1 2 3 4 5 6 7 8 9 10 11 12 13 14 15 16 17 18 19 20 21 22 23 24 25 26 27 28 29 30 31 32 33 34 35 36 37 38 39 40 41 42 43 44 45 46 47 48 49 50 51 52 53 54 55 56 57 58 59 60 61 62 63 64 65 66 67 68 69 70 71 72 73 74 75 76 77 78 79 80 81 82 83 84 85 86 87 88 90 91 92 93 94 95 96 97 98 99 100 101 102 103 104 105 106 107 108 109 110 111 112 113 115 116 117 118 120 121 122 123 124 125 126 127 128 129 130 131 132 133 134 135 136 137 138 139 140 141 142 143 145 146 147 148 150 
c 3 2 76 0 1 2 3 4 5 6 7 8 9 10 11 12 13 14 15 16 17 18 19 20 21 22 23 24 25 26 27 28 29 30 31 32 33 34 35 36 37 38 39 40 41 42 43 44 45 46 47 48 49 50 51 52 53 54 55 56 57 58 59 60 61 62 63 64 65 66 67 68 69 70 71 72 73 74 75 76 77 78 79 80 81 82 83 84 85 86 87 88 89 90 91 92 93 94 95 96 97 98 99 100 101 102 103 104 105 106 107 108 109 110 111 112 113 115 116 117 118 119 120 121 122 123 124 125 126 127 128 129 130 131 132 133 134 135 136 137 138 139 140 141 142 143 145 146 147 148 150 
c 3 2 77 0 1 6 7 8 11 12 13 14 17 18 19 20 23 24 25 26 28 29 30 31 36 37 38 41 42 43 44 47 48 49 50 53 54 55 56 58 59 60 61 66 67 68 71 72 73 74 77 78 79 80 83 84 85 86 89 90 91 96 97 98 101 102 103 104 107 108 109 110 113 115 116 120 121 122 126 127 128 131 132 133 134 137 138 139 140 144 145 146 
c 3 2 78 
c 3 2 79 145 
c 3 2 80 0 1 2 3 6 7 8 12 13 14 18 19 20 24 25 26 30 31 32 33 36 37 38 42 43 44 48 49 50 54 55 56 60 61 62 63 66 67 68 72 73 74 78 79 80 84 85 86 90 91 92 93 96 97 98 102 103 104 108 109 110 115 116 120 121 122 123 126 127 128 132 133 134 138 139 140 145 146 150 
c 3 2 81 0 1 2 3 4 5 6 7 8 9 10 11 12 13 14 15 16 17 18 19 20 21 22 23 24 25 26 27 28 29 30 31 32 33 34 35 36 37 38 39 40 41 42 43 44 45 46 47 48 49 50 51 52 53 54 55 56 57 58 59 60 61 62 63 64 65 66 67 68 69 70 71 72 73 74 75 76 77 78 79 80 81 82 83 84 85 86 87 88 89 90 91 92 93 94 95 96 97 98 99 100 101 102 103 104 105 106 107 108 109 110 111 112 113 115 116 117 118 120 121 122 123 124 125 126 127 128 129 130 131 132 133 134 135 136 137 138 139 140 141 142 143 145 146 147 148 150 
c 3 2 82 0 1 2 3 4 5 6 7 8 9 10 11 12 13 14 15 16 17 18 19 20 21 22 23 24 25 26 27 28 29 30 31 32 33 34 35 36 37 38 39 40 41 42 43 44 45 46 47 48 49 50 51 52 53 54 55 56 58 59 60 61 62 63 64 65 66 67 68 69 70 71 72 73 74 75 76 77 78 79 80 82 83 85 86 88 89 90 91 92 93 94 95 96 97 98 99 100 101 102 103 104 105 106 107 108 109 110 112 113 115 116 118 119 120 121 122 123 124 125 126 127 128 129 130 131 132 133 134 136 137 139 140 142 143 145 146 148 150 
c 3 2 83 0 6 7 12 13 14 18 19 20 23 24 25 26 29 30 31 36 37 42 43 44 48 49 50 53 55 56 59 60 61 66 67 68 72 73 74 78 79 80 83 85 86 90 91 96 97 98 102 103 104 108 109 110 115 116 120 121 126 127 128 132 133 134 138 139 140 144 145 146 
c 3 2 84 
c 3 2 85 
c 3 2 86 13 19 25 26 43 49 55 56 66 72 73 79 80 85 86 96 97 102 103 104 108 109 110 115 116 120 126 127 132 133 134 138 139 140 145 146 
c 3 2 87 0 1 2 3 4 5 6 7 8 9 10 11 12 13 14 15 16 17 18 19 20 21 22 23 24 25 26 27 28 29 30 31 32 33 34 35 36 37 38 39 40 41 42 43 44 45 46 47 48 49 50 51 52 53 54 55 56 57 58 59 60 61 62 63 64 65 66 67 68 69 70 71 72 73 74 75 76 77 78 79 80 81 82 83 85 86 87 88 89 90 91 92 93 94 95 96 97 98 99 100 101 102 103 104 105 106 107 108 109 110 111 112 113 115 116 117 118 119 120 121 122 123 124 125 126 127 128 129 130 131 132 133 134 135 136 137 138 139 140 141 142 143 145 146 147 148 150 
c 3 2 88 0 1 2 3 4 5 6 7 8 9 10 11 12 13 14 16 17 18 19 20 22 23 25 26 28 29 30 31 32 33 34 35 36 37 38 39 40 41 42 43 44 46 47 48 49 50 52 53 55 56 58 59 60 61 62 63 64 65 66 67 68 71 72 73 74 77 78 79 80 83 85 86 89 90 91 92 93 94 95 96 97 98 101 102 103 104 107 109 110 113 115 116 119 120 121 122 123 124 125 126 127 128 131 132 133 134 137 139 140 143 145 146 149 150 
c 3 2 89 0 6 7 12 13 14 18 19 20 25 26 30 31 36 37 42 43 44 48 49 50 55 56 60 61 66 67 68 72 73 74 78 79 80 85 86 90 91 96 97 98 102 103 104 108 109 110 115 116 120 121 126 127 128 132 133 134 138 139 140 144 145 146 
c 3 2 90 0 1 2 3 4 5 6 7 8 9 10 11 12 13 14 15 16 18 19 20 21 24 25 26 27 30 31 32 33 34 35 36 37 38 39 40 41 42 43 44 45 46 48 49 50 51 54 55 56 57 60 61 62 63 64 65 66 67 68 69 70 71 72 73 74 75 76 78 79 80 81 84 85 86 90 91 92 93 94 95 96 97 98 99 100 101 102 103 104 105 108 109 110 111 114 115 116 120 121 122 123 124 125 126 127 128 129 130 132 133 134 135 138 139 140 144 145 146 150 
c 3 2 91 0 1 2 3 4 5 6 7 8 9 10 11 12 13 14 15 16 17 18 19 20 21 22 24 25 26 27 30 31 32 33 34 35 36 37 38 39 40 41 42 43 44 45 46 47 48 49 50 51 52 54 55 56 57 60 61 62 63 64 65 66 67 68 69 70 71 72 73 74 75 76 77 78 79 80 81 82 84 85 86 87 90 91 92 93 94 95 96 97 98 99 100 101 102 103 104 105 106 108 109 110 111 114 115 116 117 120 121 122 123 124 125 126 127 128 129 130 131 132 133 134 135 136 138 139 140 141 145 146 150 
c 3 2 92 0 1 2 3 4 5 6 7 8 9 10 11 12 13 14 15 16 17 18 19 20 21 22 24 25 26 27 28 30 31 32 33 34 35 36 37 38 39 40 41 42 43 44 45 46 47 48 49 50 51 52 54 55 56 57 58 60 61 62 63 64 65 66 67 68 69 70 71 72 73 74 75 76 77 78 79 80 81 82 84 85 86 87 90 91 92 93 94 95 96 97 98 99 100 101 102 103 104 105 106 107 108 109 110 111 112 114 115 116 117 120 121 122 123 124 125 126 127 128 129 130 131 132 133 134 135 136 138 139 140 141 145 146 147 150 
c 3 2 93 0 1 2 3 4 5 6 7 8 9 10 11 12 13 14 15 16 17 18 19 20 21 22 23 24 25 26 27 28 30 31 32 33 34 35 36 37 38 39 40 41 42 43 44 45 46 47 48 49 50 51 52 53 54 55 56 57 58 60 61 62 63 64 65 66 67 68 69 70 71 72 73 74 75 76 77 78 79 80 81 82 83 84 85 86 87 88 90 91 92 93 94 95 96 97 98 99 100 101 102 103 104 105 106 107 108 109 110 111 112 113 115 116 117 118 120 121 122 123 124 125 126 127 128 129 130 131 132 133 134 135 136 137 138 139 140 141 142 145 146 147 150 
c 3 2 94 0 1 2 3 4 5 6 7 8 9 10 11 12 13 14 15 16 17 18 19 20 21 22 23 24 25 26 27 28 29 30 31 32 33 34 35 36 37 38 39 40 41 42 43 44 45 46 47 48 49 50 51 52 53 54 55 56 57 58 60 61 62 63 64 65 66 67 68 69 70 71 72 73 74 75 76 77 78 79 80 81 82 83 84 85 86 87 88 90 91 92 93 94 95 96 97 98 99 100 101 102 103 104 105 106 107 108 109 110 111 112 113 114 115 116 117 118 120 121 122 123 124 125 126 127 128 129 130 131 132 133 134 135 136 137 138 139 140 141 142 145 146 147 150 
c 3 2 95 0 1 2 3 4 5 6 7 8 9 10 11 12 13 14 15 16 17 18 19 20 21 22 23 24 25 26 27 28 29 30 31 32 33 34 35 36 37 38 39 40 41 42 43 44 45 46 47 48 49 50 51 52 53 54 55 56 57 58 59 60 61 62 63 64 65 66 67 68 69 70 71 72 73 74 75 76 77 78 79 80 81 82 83 84 85 86 87 88 90 91 92 93 94 95 96 97 98 99 100 101 102 103 104 105 106 107 108 109 110 111 112 113 114 115 116 117 118 120 121 122 123 124 125 126 127 128 129 130 131 132 133 134 135 136 137 138 139 140 141 142 145 146 147 150 
c 3 2 96 19 25 42 48 49 55 66 72 73 78 79 84 85 86 96 102 103 108 109 110 114 115 116 126 132 133 138 139 140 144 145 146 
c 3 2 97 0 1 2 3 4 6 7 8 12 13 14 18 19 20 24 25 26 30 31 32 33 36 37 38 42 43 44 48 49 50 54 55 56 60 61 62 63 66 67 68 72 73 74 78 79 80 84 85 86 90 91 92 93 96 97 98 102 103 104 108 109 110 114 115 116 120 121 122 123 126 127 128 132 133 134 138 139 140 145 146 150 
c 3 2 98 0 1 2 3 4 5 6 7 8 9 10 11 12 13 14 15 16 17 18 19 20 21 22 24 25 26 27 30 31 32 33 34 35 36 37 38 39 40 41 42 43 44 45 46 47 48 49 50 51 52 54 55 56 57 60 61 62 63 64 65 66 67 68 69 70 71 72 73 74 75 76 78 79 80 81 82 84 85 86 87 90 91 92 93 94 95 96 97 98 99 100 101 102 103 104 105 106 108 109 110 111 114 115 116 117 120 121 122 123 124 125 126 127 128 129 130 131 132 133 134 135 136 138 139 140 141 145 146 150 
c 3 2 99 0 1 2 3 4 5 6 7 8 9 10 11 12 13 14 15 16 17 18 19 20 21 22 23 24 25 26 27 28 29 30 31 32 33 34 35 36 37 38 39 40 41 42 43 44 45 46 47 48 49 50 51 52 53 54 55 56 57 58 60 61 62 63 64 65 66 67 68 69 70 71 72 73 74 75 76 77 78 79 80 81 82 83 84 85 86 87 88 90 91 92 93 94 95 96 97 98 99 100 101 102 103 104 105 106 107 108 109 110 111 112 113 115 116 117 118 120 121 122 123 124 125 126 127 128 129 130 131 132 133 134 135 136 137 138 139 140 141 142 143 145 146 147 148 150 
c 3 2 100 0 1 2 3 4 5 6 7 8 9 10 11 12 13 14 15 16 17 18 19 20 21 22 23 24 25 26 27 28 29 30 31 32 33 34 35 36 37 38 39 40 41 42 43 44 45 46 47 48 49 50 51 52 53 54 55 56 57 58 59 60 61 62 63 64 65 66 67 68 69 70 71 72 73 74 75 76 77 78 79 80 81 82 83 84 85 86 87 88 89 90 91 92 93 94 95 96 97 98 99 100 101 102 103 104 105 106 107 108 109 110 111 112 113 115 116 117 118 120 121 122 123 124 125 126 127 128 129 130 131 132 133 134 135 136 137 138 139 140 141 142 143 145 146 147 148 150 
c 3 2 101 0 1 2 3 4 5 6 7 8 9 10 11 12 13 14 15 16 17 18 19 20 21 22 23 24 25 26 27 28 29 30 31 32 33 34 35 36 37 38 39 40 41 42 43 44 45 46 47 48 49 50 51 52 53 54 55 56 57 58 59 60 61 62 63 64 65 66 67 68 69 70 71 72 73 74 75 76 77 78 79 80 81 82 83 84 85 86 88 89 90 91 92 93 94 95 96 97 98 99 100 101 102 103 104 105 106 107 108 109 110 112 113 115 116 118 120 121 122 123 124 125 126 127 128 129 130 131 132 133 134 136 137 138 139 140 142 143 145 146 150 
c 3 2 102 145 
c 3 2 103 25 49 55 79 85 103 109 115 116 126 132 133 138 139 140 145 146 
c 3 2 104 0 1 2 3 4 5 6 7 8 9 10 11 12 13 14 15 16 18 19 20 21 24 25 26 30 31 32 33 34 35 36 37 38 39 40 41 42 43 44 45 48 49 50 51 54 55 56 60 61 62 63 64 65 66 67 68 69 70 72 73 74 75 78 79 80 81 84 85 86 90 91 92 93 94 95 96 97 98 99 100 102 103 104 105 108 109 110 114 115 116 120 121 122 123 124 125 126 127 128 129 130 132 133 134 135 138 139 140 145 146 150 
c 3 2 105 0 1 2 3 4 5 6 7 8 9 10 11 12 13 14 15 16 17 18 19 20 21 22 23 24 25 26 27 28 29 30 31 32 33 34 35 36 37 38 39 40 41 42 43 44 45 46 47 48 49 50 51 52 53 54 55 56 57 58 59 60 61 62 63 64 65 66 67 68 69 70 71 72 73 74 75 76 77 78 79 80 81 82 83 84 85 86 87 88 89 90 91 92 93 94 95 96 97 98 99 100 101 102 103 104 105 106 107 108 109 110 111 112 113 115 116 117 118 120 121 122 123 124 125 126 127 128 129 130 131 132 133 134 135 136 137 138 139 140 141 142 143 145 146 147 148 150 
c 3 2 106 0 1 2 3 4 5 6 7 8 9 10 11 12 13 14 15 16 17 18 19 20 21 22 23 24 25 26 27 28 29 30 31 32 33 34 35 36 37 38 39 40 41 42 43 44 45 46 47 48 49 50 51 52 53 54 55 56 57 58 59 60 61 62 63 64 65 66 67 68 69 70 71 72 73 74 75 76 77 78 79 80 81 82 83 85 86 87 88 89 90 91 92 93 94 95 96 97 98 99 100 101 102 103 104 105 106 107 108 109 110 111 112 113 115 116 117 118 119 120 121 122 123 124 125 126 127 128 129 130 131 132 133 134 135 136 137 138 139 140 141 142 143 145 146 147 148 150 
c 3 2 107 0 1 6 7 8 11 12 13 14 17 18 19 20 23 24 25 26 28 29 30 31 32 36 37 38 41 42 43 44 47 48 49 50 53 54 55 56 58 59 60 61 62 66 67 68 71 72 73 74 77 78 79 80 83 85 86 89 90 91 92 96 97 98 101 102 103 104 107 108 109 110 113 115 116 120 121 122 126 127 128 131 132 133 134 137 138 139 140 143 145 146 
c 3 2 108 
c 3 2 109 
c 3 2 110 0 1 6 7 8 12 13 14 18 19 20 25 26 30 31 36 37 38 42 43 44 48 49 50 55 56 60 61 62 66 67 68 72 73 74 78 79 80 85 86 90 91 92 96 97 98 102 103 104 108 109 110 115 116 120 121 122 126 127 128 132 133 134 138 139 140 145 146 
c 3 2 111 0 1 2 3 4 5 6 7 8 9 10 11 12 13 14 15 16 17 18 19 20 21 22 23 24 25 26 27 28 29 30 31 32 33 34 35 36 37 38 39 40 41 42 43 44 45 46 47 48 49 50 51 52 53 54 55 56 57 58 59 60 61 62 63 64 65 66 67 68 69 70 71 72 73 74 75 76 77 78 79 80 81 82 83 85 86 87 88 89 90 91 92 93 94 95 96 97 98 99 100 101 102 103 104 105 106 107 108 109 110 111 112 113 115 116 117 118 119 120 121 122 123 124 125 126 127 128 129 130 131 132 133 134 135 136 137 138 139 140 141 142 143 145 146 147 148 150 
c 3 2 112 0 1 2 3 4 5 6 7 8 9 10 11 12 13 14 15 16 17 18 19 20 21 22 23 24 25 26 27 28 29 30 31 32 33 34 35 36 37 38 39 40 41 42 43 44 45 46 47 48 49 50 51 52 53 55 56 58 59 60 61 62 63 64 65 66 67 68 69 70 71 72 73 74 75 76 77 78 79 80 82 83 85 86 88 89 90 91 92 93 94 95 96 97 98 99 100 101 102 103 104 105 106 107 108 109 110 112 113 115 116 118 119 120 121 122 123 124 125 126 127 128 129 130 131 132 133 134 136 137 139 140 142 143 146 148 149 150 
c 3 2 113 0 1 6 7 8 12 13 14 18 19 20 23 24 25 26 29 30 31 36 37 38 42 43 44 48 49 50 53 55 56 59 60 61 66 67 68 72 73 74 78 79 80 85 86 89 90 91 96 97 98 102 103 104 108 109 110 115 116 120 121 122 126 127 128 132 133 134 139 140 145 146 
c 3 2 114 
c 3 2 115 
c 3 2 116 85 109 115 116 133 139 145 146 
c 3 2 117 0 1 2 3 4 5 6 7 8 9 10 11 12 13 14 15 16 17 18 19 20 21 22 23 24 25 26 27 28 29 30 31 32 33 34 35 36 37 38 39 40 41 42 43 44 45 46 47 48 49 50 51 52 53 55 56 57 58 59 60 61 62 63 64 65 66 67 68 69 70 71 72 73 74 75 76 77 78 79 80 81 82 83 85 86 87 88 89 90 91 92 93 94 95 96 97 98 99 100 101 102 103 104 105 106 107 108 109 110 111 112 113 115 116 117 118 119 120 121 122 123 124 125 126 127 128 129 130 131 132 133 134 135 136 137 139 140 141 142 143 145 146 147 148 149 150 
c 3 2 118 0 1 2 3 4 5 6 7 8 9 10 11 12 13 14 15 16 17 18 19 20 21 22 23 25 26 28 29 30 31 32 33 34 35 36 37 38 39 40 41 42 43 44 45 46 47 48 49 50 52 53 55 56 58 59 60 61 62 63 64 65 66 67 68 69 70 71 72 73 74 77 78 79 80 83 85 86 89 90 91 92 93 94 95 96 97 98 99 100 101 102 103 104 107 108 109 110 113 115 116 119 120 121 122 123 124 125 126 127 128 129 131 132 133 134 137 139 140 143 146 149 150 
c 3 2 119 0 1 6 7 8 12 13 14 18 19 20 24 25 26 30 31 36 37 38 42 43 44 48 49 50 55 56 60 61 66 67 68 72 73 74 78 79 80 85 86 90 91 96 97 98 102 103 104 108 109 110 115 116 120 121 122 126 127 128 132 133 134 139 140 145 146 
c 3 2 120 0 1 2 3 4 5 6 7 8 9 10 11 12 13 14 15 16 18 19 20 21 24 25 26 27 30 31 32 33 34 35 36 37 38 39 40 41 42 43 44 45 46 48 49 50 51 54 55 56 57 60 61 62 63 64 65 66 67 68 69 70 71 72 73 74 75 76 78 79 80 81 84 85 86 90 91 92 93 94 95 96 97 98 99 100 101 102 103 104 105 108 109 110 111 114 115 116 120 121 122 123 124 125 126 127 128 129 130 132 133 134 135 138 139 140 144 145 146 150 
c 3 2 121 0 1 2 3 4 5 6 7 8 9 10 11 12 13 14 15 16 17 18 19 20 21 22 24 25 26 27 30 31 32 33 34 35 36 37 38 39 40 41 42 43 44 45 46 47 48 49 50 51 52 54 55 56 57 60 61 62 63 64 65 66 67 68 69 70 71 72 73 74 75 76 78 79 80 81 82 84 85 86 87 90 91 92 93 94 95 96 97 98 99 100 101 102 103 104 105 106 108 109 110 111 114 115 116 117 120 121 122 123 124 125 126 127 128 129 130 131 132 133 134 135 136 138 139 140 141 145 146 150 
c 3 2 122 0 1 2 3 4 5 6 7 8 9 10 11 12 13 14 15 16 17 18 19 20 21 22 24 25 26 27 28 30 31 32 33 34 35 36 37 38 39 40 41 42 43 44 45 46 47 48 49 50 51 52 54 55 56 57 58 60 61 62 63 64 65 66 67 68 69 70 71 72 73 74 75 76 77 78 79 80 81 82 84 85 86 87 90 91 92 93 94 95 96 97 98 99 100 101 102 103 104 105 106 107 108 109 110 111 112 114 115 116 117 120 121 122 123 124 125 126 127 128 129 130 131 132 133 134 135 136 138 139 140 141 145 146 147 150 
c 3 2 123 0 1 2 3 4 5 6 7 8 9 10 11 12 13 14 15 16 17 18 19 20 21 22 23 24 25 26 27 28 30 31 32 33 34 35 36 37 38 39 40 41 42 43 44 45 46 47 48 49 50 51 52 53 54 55 56 57 58 60 61 62 63 64 65 66 67 68 69 70 71 72 73 74 75 76 77 78 79 80 81 82 83 84 85 86 87 88 90 91 92 93 94 95 96 97 98 99 100 101 102 103 104 105 106 107 108 109 110 111 112 113 115 116 117 118 120 121 122 123 124 125 126 127 128 129 130 131 132 133 134 135 136 137 138 139 140 141 142 145 146 147 150 
c 3 2 124 0 1 2 3 4 5 6 7 8 9 10 11 12 13 14 15 16 17 18 19 20 21 22 23 24 25 26 27 28 29 30 31 32 33 34 35 36 37 38 39 40 41 42 43 44 45 46 47 48 49 50 51 52 53 54 55 56 57 58 59 60 61 62 63 64 65 66 67 68 69 70 71 72 73 74 75 76 77 78 79 80 81 82 83 84 85 86 87 88 90 91 92 93 94 95 96 97 98 99 100 101 102 103 104 105 106 107 108 109 110 111 112 113 114 115 116 117 118 120 121 122 123 124 125 126 127 128 129 130 131 132 133 134 135 136 137 138 139 140 141 142 143 145 146 147 148 150 
c 3 2 125 0 1 2 3 4 5 6 7 8 9 10 11 12 13 14 15 16 17 18 19 20 21 22 23 24 25 26 27 28 29 30 31 32 33 34 35 36 37 38 39 40 41 42 43 44 45 46 47 48 49 50 51 52 53 54 55 56 57 58 59 60 61 62 63 64 65 66 67 68 69 70 71 72 73 74 75 76 77 78 79 80 81 82 83 84 85 86 87 88 89 90 91 92 93 94 95 96 97 98 99 100 101 102 103 104 105 106 107 108 109 110 111 112 113 114 115 116 117 118 120 121 122 123 124 125 126 127 128 129 130 131 132 133 134 135 136 137 138 139 140 141 142 143 145 146 147 150 
c 3 2 126 19 25 42 48 49 55 72 73 78 79 85 86 96 102 103 108 109 115 116 126 132 133 138 139 140 145 146 
c 3 2 127 0 1 2 6 7 8 12 13 14 18 19 20 24 25 26 30 31 32 36 37 38 42 43 44 48 49 50 54 55 56 60 61 62 66 67 68 72 73 74 78 79 80 84 85 86 90 91 92 96 97 98 102 103 104 108 109 110 114 115 116 120 121 122 126 127 128 132 133 134 138 139 140 145 146 
c 3 2 128 0 1 2 3 4 5 6 7 8 9 10 11 12 13 14 15 16 17 18 19 20 21 22 24 25 26 27 30 31 32 33 34 35 36 37 38 39 40 41 42 43 44 45 46 48 49 50 51 52 54 55 56 57 60 61 62 63 64 65 66 67 68 69 70 71 72 73 74 75 76 78 79 80 81 84 85 86 87 90 91 92 93 94 95 96 97 98 99 100 101 102 103 104 105 106 108 109 110 111 114 115 116 117 120 121 122 123 124 125 126 127 128 129 130 131 132 133 134 135 136 138 139 140 141 145 146 150 
c 3 2 129 0 1 2 3 4 5 6 7 8 9 10 11 12 13 14 15 16 17 18 19 20 21 22 23 24 25 26 27 28 29 30 31 32 33 34 35 36 37 38 39 40 41 42 43 44 45 46 47 48 49 50 51 52 53 54 55 56 57 58 59 60 61 62 63 64 65 66 67 68 69 70 71 72 73 74 75 76 77 78 79 80 81 82 83 84 85 86 87 88 90 91 92 93 94 95 96 97 98 99 100 101 102 103 104 105 106 107 108 109 110 111 112 113 115 116 117 118 120 121 122 123 124 125 126 127 128 129 130 131 132 133 134 135 136 137 138 139 140 141 142 143 145 146 147 148 150 
c 3 2 130 0 1 2 3 4 5 6 7 8 9 10 11 12 13 14 15 16 17 18 19 20 21 22 23 24 25 26 27 28 29 30 31 32 33 34 35 36 37 38 39 40 41 42 43 44 45 46 47 48 49 50 51 52 53 54 55 56 57 58 59 60 61 62 63 64 65 66 67 68 69 70 71 72 73 74 75 76 77 78 79 80 81 82 83 84 85 86 87 88 89 90 91 92 93 94 95 96 97 98 99 100 101 102 103 104 105 106 107 108 109 110 111 112 113 115 116 117 118 119 120 121 122 123 124 125 126 127 128 129 130 131 132 133 134 135 136 137 138 139 140 141 142 143 145 146 147 148 150 
c 3 2 131 0 1 2 3 4 5 6 7 8 9 10 11 12 13 14 15 16 17 18 19 20 21 22 23 24 25 26 27 28 29 30 31 32 33 34 35 36 37 38 39 40 41 42 43 44 45 46 47 48 49 50 51 52 53 54 55 56 57 58 59 60 61 62 63 64 65 66 67 68 69 70 71 72 73 74 75 76 77 78 79 80 82 83 84 85 86 88 89 90 91 92 93 94 95 96 97 98 99 100 101 102 103 104 105 106 107 108 109 110 112 113 115 116 118 119 120 121 122 123 124 125 126 127 128 129 130 131 132 133 134 135 136 137 138 139 140 142 143 145 146 150 
c 3 2 132 
c 3 2 133 115 139 145 146 
c 3 2 134 0 1 2 3 4 5 6 7 8 9 10 12 13 14 15 18 19 20 24 25 26 30 31 32 33 34 35 36 37 38 39 42 43 44 45 48 49 50 54 55 56 60 61 62 63 64 65 66 67 68 69 72 73 74 78 79 80 84 85 86 90 91 92 93 94 95 96 97 98 99 102 103 104 108 109 110 115 116 120 121 122 123 124 125 126 127 128 129 132 133 134 138 139 140 145 146 150 
c 3 2 135 0 1 2 3 4 5 6 7 8 9 10 11 12 13 14 15 16 17 18 19 20 21 22 23 24 25 26 27 28 29 30 31 32 33 34 35 36 37 38 39 40 41 42 43 44 45 46 47 48 49 50 51 52 53 54 55 56 57 58 59 60 61 62 63 64 65 66 67 68 69 70 71 72 73 74 75 76 77 78 79 80 81 82 83 84 85 86 87 88 89 90 91 92 93 94 95 96 97 98 99 100 101 102 103 104 105 106 107 108 109 110 111 112 113 115 116 117 118 119 120 121 122 123 124 125 126 127 128 129 130 131 132 133 134 135 136 137 138 139 140 141 142 143 145 146 147 148 150 
c 3 2 136 0 1 2 3 4 5 6 7 8 9 10 11 12 13 14 15 16 17 18 19 20 21 22 23 24 25 26 27 28 29 30 31 32 33 34 35 36 37 38 39 40 41 42 43 44 45 46 47 48 49 50 51 52 53 54 55 56 57 58 59 60 61 62 63 64 65 66 67 68 69 70 71 72 73 74 75 76 77 78 79 80 81 82 83 85 86 87 88 89 90 91 92 93 94 95 96 97 98 99 100 101 102 103 104 105 106 107 108 109 110 111 112 113 115 116 117 118 119 120 121 122 123 124 125 126 127 128 129 130 131 132 133 134 135 136 137 139 140 141 142 143 145 146 148 149 150 
c 3 2 137 0 1 2 6 7 8 11 12 13 14 17 18 19 20 23 24 25 26 29 30 31 32 35 36 37 38 41 42 43 44 47 48 49 50 53 55 56 59 60 61 62 66 67 68 71 72 73 74 77 78 79 80 83 85 86 89 90 91 92 96 97 98 101 102 103 104 107 108 109 110 113 115 116 119 120 121 122 126 127 128 132 133 134 137 139 140 143 145 146 
c 3 2 138 
c 3 2 139 
c 3 2 140 13 19 25 26 43 49 50 55 56 66 67 72 73 79 80 85 86 96 97 102 103 104 108 109 110 115 116 120 126 127 132 133 134 138 139 140 145 146 
c 3 2 141 0 1 2 3 4 5 6 7 8 9 10 11 12 13 14 15 16 17 18 19 20 21 22 23 24 25 26 27 28 29 30 31 32 33 34 35 36 37 38 39 40 41 42 43 44 45 46 47 48 49 50 51 52 53 54 55 56 57 58 59 60 61 62 63 64 65 66 67 68 69 70 71 72 73 74 75 76 77 78 79 80 81 82 83 85 86 87 88 89 90 91 92 93 94 95 96 97 98 99 100 101 102 103 104 105 106 107 108 109 110 111 112 113 115 116 117 118 119 120 121 122 123 124 125 126 127 128 129 130 131 132 133 134 135 136 137 138 139 140 141 142 143 145 146 147 148 149 150 
c 3 2 142 0 1 2 3 4 5 6 7 8 9 10 11 12 13 14 15 16 17 18 19 20 21 22 23 24 25 26 27 28 29 30 31 32 33 34 35 36 37 38 39 40 41 42 43 44 45 46 47 48 49 50 51 52 53 55 56 58 59 60 61 62 63 64 65 66 67 68 69 70 71 72 73 74 75 76 77 78 79 80 81 82 83 85 86 88 89 90 91 92 93 94 95 96 97 98 99 100 101 102 103 104 105 106 107 108 109 110 112 113 115 116 118 119 120 121 122 123 124 125 126 127 128 129 130 131 132 133 134 135 136 137 139 140 142 143 145 146 148 149 150 
c 3 2 143 0 1 2 6 7 8 12 13 14 18 19 20 24 25 26 29 30 31 32 36 37 38 42 43 44 48 49 50 55 56 59 60 61 62 66 67 68 72 73 74 78 79 80 85 86 89 90 91 92 96 97 98 102 103 104 108 109 110 115 116 120 121 122 126 127 128 132 133 134 139 140 145 146 
c 3 2 144 
c 3 2 145 
c 3 2 146 145 
c 3 2 147 0 1 2 3 4 5 6 7 8 9 10 11 12 13 14 15 16 17 18 19 20 21 22 23 24 25 26 27 28 29 30 31 32 33 34 35 36 37 38 39 40 41 42 43 44 45 46 47 48 49 50 51 52 53 54 55 56 57 58 59 60 61 62 63 64 65 66 67 68 69 70 71 72 73 74 75 76 77 78 79 80 81 82 83 85 86 87 88 89 90 91 92 93 94 95 96 97 98 99 100 101 102 103 104 105 106 107 108 109 110 111 112 113 115 116 117 118 119 120 121 122 123 124 125 126 127 128 129 130 131 132 133 134 135 136 137 138 139 140 141 142 143 145 146 147 148 149 150 
c 3 2 148 0 1 2 3 4 5 6 7 8 9 10 11 12 13 14 15 16 17 18 19 20 21 22 23 24 25 26 27 28 29 30 31 32 33 34 35 36 37 38 39 40 41 42 43 44 45 46 47 48 49 50 51 52 53 55 56 58 59 60 61 62 63 64 65 66 67 68 69 70 71 72 73 74 75 76 77 78 79 80 81 82 83 85 86 88 89 90 91 92 93 94 95 96 97 98 99 100 101 102 103 104 105 106 107 108 109 110 112 113 115 116 119 120 121 122 123 124 125 126 127 128 129 130 131 132 133 134 135 136 137 139 140 143 145 146 149 150 
c 3 2 149 0 1 2 6 7 8 12 13 14 18 19 20 24 25 26 30 31 32 36 37 38 42 43 44 48 49 50 55 56 60 61 62 66 67 68 72 73 74 78 79 80 85 86 90 91 92 96 97 98 102 103 104 108 109 110 115 116 120 121 122 126 127 128 132 133 134 139 140 145 146 
c 3 2 150 0 1 2 3 4 5 6 7 8 9 10 11 12 13 14 15 16 17 18 19 20 21 22 23 24 25 26 27 28 30 31 32 33 34 35 36 37 38 39 40 41 42 43 44 45 46 47 48 49 50 51 52 54 55 56 57 58 60 61 62 63 64 65 66 67 68 69 70 71 72 73 74 75 76 77 78 79 80 81 82 84 85 86 87 88 90 91 92 93 94 95 96 97 98 99 100 101 102 103 104 105 106 107 108 109 110 111 112 114 115 116 117 120 121 122 123 124 125 126 127 128 129 130 131 132 133 134 135 136 137 138 139 140 141 142 145 146 147 150 
m 0 26 0 1 0
m 1 21 0 1 1
m 2 18 0 1 2
m 3 18 0 1 4
m 4 21 0 1 5
m 5 26 0 1 6
m 6 29 0 2 0
m 7 24 0 2 1
m 8 21 0 2 2
m 9 21 0 2 4
m 10 24 0 2 5
m 11 29 0 2 6
m 12 34 0 3 0
m 13 29 0 3 1
m 14 26 0 3 2
m 15 26 0 3 4
m 16 29 0 3 5
m 17 34 0 3 6
m 18 41 0 4 0
m 19 36 0 4 1
m 20 33 0 4 2
m 21 33 0 4 4
m 22 36 0 4 5
m 23 41 0 4 6
m 24 50 0 5 0
m 25 45 0 5 1
m 26 42 0 5 2
m 27 42 0 5 4
m 28 45 0 5 5
m 29 50 0 5 6
m 30 19 1 1 0
m 31 14 1 1 1
m 32 11 1 1 2
m 33 11 1 1 4
m 34 14 1 1 5
m 35 19 1 1 6
m 36 22 1 2 0
m 37 17 1 2 1
m 38 14 1 2 2
m 39 14 1 2 4
m 40 17 1 2 5
m 41 22 1 2 6
m 42 27 1 3 0
m 43 22 1 3 1
m 44 19 1 3 2
m 45 19 1 3 4
m 46 22 1 3 5
m 47 27 1 3 6
m 48 34 1 4 0
m 49 29 1 4 1
m 50 26 1 4 2
m 51 26 1 4 4
m 52 29 1 4 5
m 53 34 1 4 6
m 54 43 1 5 0
m 55 38 1 5 1
m 56 35 1 5 2
m 57 35 1 5 4
m 58 38 1 5 5
m 59 43 1 5 6
m 60 14 2 1 0
m 61 9 2 1 1
m 62 6 2 1 2
m 63 6 2 1 4
m 64 9 2 1 5
m 65 14 2 1 6
m 66 17 2 2 0
m 67 12 2 2 1
m 68 9 2 2 2
m 69 9 2 2 4
m 70 12 2 2 5
m 71 17 2 2 6
m 72 22 2 3 0
m 73 17 2 3 1
m 74 14 2 3 2
m 75 14 2 3 4
m 76 17 2 3 5
m 77 22 2 3 6
m 78 29 2 4 0
m 79 24 2 4 1
m 80 21 2 4 2
m 81 21 2 4 4
m 82 24 2 4 5
m 83 29 2 4 6
m 84 38 2 5 0
m 85 33 2 5 1
m 86 30 2 5 2
m 87 30 2 5 4
m 88 33 2 5 5
m 89 38 2 5 6
m 90 11 3 1 0
m 91 6 3 1 1
m 92 3 3 1 2
m 93 3 3 1 4
m 94 6 3 1 5
m 95 11 3 1 6
m 96 14 3 2 0
m 97 9 3 2 1
m 98 6 3 2 2
m 99 6 3 2 4
m 100 9 3 2 5
m 101 14 3 2 6
m 102 19 3 3 0
m 103 14 3 3 1
m 104 11 3 3 2
m 105 11 3 3 4
m 106 14 3 3 5
m 107 19 3 3 6
m 108 26 3 4 0
m 109 21 3 4 1
m 110 18 3 4 2
m 111 18 3 4 4
m 112 21 3 4 5
m 113 26 3 4 6
m 114 35 3 5 0
m 115 30 3 5 1
m 116 27 3 5 2
m 117 27 3 5 4
m 118 30 3 5 5
m 119 35 3 5 6
m 120 10 4 1 0
m 121 5 4 1 1
m 122 2 4 1 2
m 123 2 4 1 4
m 124 5 4 1 5
m 125 10 4 1 6
m 126 13 4 2 0
m 127 8 4 2 1
m 128 5 4 2 2
m 129 5 4 2 4
m 130 8 4 2 5
m 131 13 4 2 6
m 132 18 4 3 0
m 133 13 4 3 1
m 134 10 4 3 2
m 135 10 4 3 4
m 136 13 4 3 5
m 137 18 4 3 6
m 138 25 4 4 0
m 139 20 4 4 1
m 140 17 4 4 2
m 141 17 4 4 4
m 142 20 4 4 5
m 143 25 4 4 6
m 144 34 4 5 0
m 145 29 4 5 1
m 146 26 4 5 2
m 147 26 4 5 4
m 148 29 4 5 5
m 149 34 4 5 6
m 150 0 4 0 3
