d 5 151 5 6 7
c 2 1 0 3 4 5 9 10 11 15 16 17 21 22 23 27 28 29 33 34 35 39 40 41 45 46 47 51 52 53 57 58 59 63 64 65 69 70 71 75 76 77 81 82 83 87 88 89 93 94 95 99 100 101 105 106 107 111 112 113 117 118 119 123 124 125 129 130 131 135 136 137 141 142 143 147 148 149 
c 2 1 1 3 4 5 9 10 11 15 16 17 21 22 23 27 28 29 33 34 35 39 40 41 45 46 47 51 52 53 57 58 59 63 64 65 69 70 71 75 76 77 81 82 83 87 88 89 93 94 95 99 100 101 105 106 107 111 112 113 117 118 119 123 124 125 129 130 131 135 136 137 141 142 143 147 148 149 
c 2 1 2 3 4 5 9 10 11 15 16 17 21 22 23 27 28 29 33 34 35 39 40 41 45 46 47 51 52 53 57 58 59 63 64 65 69 70 71 75 76 77 81 82 83 87 88 89 93 94 95 99 100 101 105 106 107 111 112 113 117 118 119 123 124 125 129 130 131 135 136 137 141 142 143 147 148 149 
c 2 1 3 0 1 2 3 4 5 9 10 11 15 16 17 21 22 23 27 28 29 30 31 32 33 34 35 39 40 41 45 46 47 51 52 53 57 58 59 60 61 62 63 64 65 69 70 71 75 76 77 81 82 83 87 88 89 90 91 92 93 94 95 99 100 101 105 106 107 111 112 113 117 118 119 120 121 122 123 124 125 129 130 131 135 136 137 141 142 143 147 148 149 150 
c 2 1 4 0 1 2 3 4 5 7 8 9 10 11 14 15 16 17 21 22 23 27 28 29 30 31 32 33 34 35 38 39 40 41 44 45 46 47 51 52 53 57 58 59 60 61 62 63 64 65 67 68 69 70 71 74 75 76 77 81 82 83 87 88 89 90 91 92 93 94 95 97 98 99 100 101 104 105 106 107 111 112 113 117 118 119 120 121 122 123 124 125 128 129 130 131 134 135 136 137 140 141 142 143 146 147 148 149 150 
c 2 1 5 0 1 2 3 4 5 6 7 8 9 10 11 13 14 15 16 17 20 21 22 23 26 27 28 29 30 31 32 33 34 35 36 37 38 39 40 41 44 45 46 47 50 51 52 53 57 58 59 60 61 62 63 64 65 66 67 68 69 70 71 74 75 76 77 80 81 82 83 86 87 88 89 90 91 92 93 94 95 96 97 98 99 100 101 104 105 106 107 110 111 112 113 116 117 118 119 120 121 122 123 124 125 127 128 129 130 131 133 134 135 136 137 139 140 141 142 143 145 146 147 148 149 150 
c 2 1 6 3 4 5 9 10 11 15 16 17 21 22 23 27 28 29 33 34 35 39 40 41 45 46 47 51 52 53 57 58 59 63 64 65 69 70 71 75 76 77 81 82 83 87 88 89 93 94 95 99 100 101 105 106 107 111 112 113 117 118 119 123 124 125 129 130 131 135 136 137 141 142 143 147 148 149 
c 2 1 7 3 4 5 9 10 11 15 16 17 21 22 23 27 28 29 33 34 35 39 40 41 45 46 47 51 52 53 57 58 59 63 64 65 69 70 71 75 76 77 81 82 83 87 88 89 93 94 95 99 100 101 105 106 107 111 112 113 117 118 119 123 124 125 129 130 131 135 136 137 141 142 143 147 148 149 
c 2 1 8 3 4 5 9 10 11 15 16 17 21 22 23 27 28 29 33 34 35 39 40 41 45 46 47 51 52 53 57 58 59 63 64 65 69 70 71 75 76 77 81 82 83 87 88 89 93 94 95 99 100 101 105 106 107 111 112 113 117 118 119 123 124 125 129 130 131 135 136 137 141 142 143 147 148 149 
c 2 1 9 0 1 2 3 4 5 8 9 10 11 14 15 16 17 21 22 23 27 28 29 30 31 32 33 34 35 38 39 40 41 45 46 47 51 52 53 57 58 59 60 61 62 63 64 65 68 69 70 71 74 75 76 77 81 82 83 87 88 89 90 91 92 93 94 95 98 99 100 101 105 106 107 111 112 113 117 118 119 120 121 122 123 124 125 128 129 130 131 134 135 136 137 140 141 142 143 146 147 148 149 150 
c 2 1 10 0 1 2 3 4 5 6 7 8 9 10 11 13 14 15 16 17 20 21 22 23 26 27 28 29 30 31 32 33 34 35 36 37 38 39 40 41 43 44 45 46 47 50 51 52 53 56 57 58 59 60 61 62 63 64 65 66 67 68 69 70 71 73 74 75 76 77 80 81 82 83 86 87 88 89 90 91 92 93 94 95 96 97 98 99 100 101 104 105 106 107 110 111 112 113 116 117 118 119 120 121 122 123 124 125 126 127 128 129 130 131 132 133 134 135 136 137 138 139 140 141 142 143 144 145 146 147 148 149 150 
c 2 1 11 0 1 2 3 4 5 6 7 8 9 10 11 12 13 14 15 16 17 19 20 21 22 23 26 27 28 29 30 31 32 33 34 35 36 37 38 39 40 41 42 43 44 45 46 47 49 50 51 52 53 56 57 58 59 60 61 62 63 64 65 66 67 68 69 70 71 72 73 74 75 76 77 79 80 81 82 83 85 86 87 88 89 90 91 92 93 94 95 96 97 98 99 100 101 102 103 104 105 106 107 108 109 110 111 112 113 114 115 116 117 118 119 120 121 122 123 124 125 126 127 128 129 130 131 132 133 134 135 136 137 138 139 140 141 142 143 144 145 146 147 148 149 150 
c 2 1 12 4 5 9 10 11 15 16 17 21 22 23 27 28 29 33 34 35 39 40 41 45 46 47 51 52 53 57 58 59 63 64 65 69 70 71 75 76 77 81 82 83 87 88 89 93 94 95 99 100 101 105 106 107 111 112 113 117 118 119 123 124 125 129 130 131 135 136 137 141 142 143 147 148 149 
c 2 1 13 5 9 10 11 15 16 17 21 22 23 27 28 29 34 35 39 40 41 45 46 47 51 52 53 57 58 59 63 64 65 69 70 71 75 76 77 81 82 83 87 88 89 93 94 95 99 100 101 105 106 107 111 112 113 117 118 119 123 124 125 129 130 131 135 136 137 141 142 143 147 148 149 
c 2 1 14 4 5 9 10 11 15 16 17 21 22 23 27 28 29 33 34 35 39 40 41 45 46 47 51 52 53 57 58 59 63 64 65 69 70 71 75 76 77 81 82 83 87 88 89 93 94 95 99 100 101 105 106 107 111 112 113 117 118 119 123 124 125 129 130 131 135 136 137 141 142 143 147 148 149 
c 2 1 15 0 1 2 3 4 5 7 8 9 10 11 14 15 16 17 20 21 22 23 27 28 29 30 31 32 33 34 35 37 38 39 40 41 44 45 46 47 51 52 53 57 58 59 60 61 62 63 64 65 67 68 69 70 71 74 75 76 77 81 82 83 87 88 89 90 91 92 93 94 95 97 98 99 100 101 104 105 106 107 110 111 112 113 116 117 118 119 120 121 122 123 124 125 127 128 129 130 131 133 134 135 136 137 139 140 141 142 143 145 146 147 148 149 150 
c 2 1 16 0 1 2 3 4 5 6 7 8 9 10 11 13 14 15 16 17 19 20 21 22 23 26 27 28 29 30 31 32 33 34 35 36 37 38 39 40 41 43 44 45 46 47 50 51 52 53 56 57 58 59 60 61 62 63 64 65 66 67 68 69 70 71 73 74 75 76 77 80 81 82 83 86 87 88 89 90 91 92 93 94 95 96 97 98 99 100 101 102 103 104 105 106 107 108 109 110 111 112 113 114 115 116 117 118 119 120 121 122 123 124 125 126 127 128 129 130 131 132 133 134 135 136 137 138 139 140 141 142 143 144 145 146 147 148 149 150 
c 2 1 17 0 1 2 3 4 5 6 7 8 9 10 11 12 13 14 15 16 17 18 19 20 21 22 23 25 26 27 28 29 30 31 32 33 34 35 36 37 38 39 40 41 42 43 44 45 46 47 48 49 50 51 52 53 55 56 57 58 59 60 61 62 63 64 65 66 67 68 69 70 71 72 73 74 75 76 77 78 79 80 81 82 83 84 85 86 87 88 89 90 91 92 93 94 95 96 97 98 99 100 101 102 103 104 105 106 107 108 109 110 111 112 113 114 115 116 117 118 119 120 121 122 123 124 125 126 127 128 129 130 131 132 133 134 135 136 137 138 139 140 141 142 143 144 145 146 147 148 149 150 
c 2 1 18 10 11 15 16 17 21 22 23 27 28 29 34 35 39 40 41 45 46 47 51 52 53 57 58 59 64 65 69 70 71 75 76 77 81 82 83 87 88 89 93 94 95 99 100 101 105 106 107 111 112 113 117 118 119 123 124 125 129 130 131 135 136 137 141 142 143 147 148 149 
c 2 1 19 10 11 15 16 17 21 22 23 27 28 29 35 40 41 45 46 47 51 52 53 57 58 59 64 65 69 70 71 75 76 77 81 82 83 87 88 89 94 95 99 100 101 105 106 107 111 112 113 117 118 119 123 124 125 129 130 131 135 136 137 141 142 143 147 148 149 
c 2 1 20 9 10 11 15 16 17 21 22 23 27 28 29 34 35 39 40 41 45 46 47 51 52 53 57 58 59 63 64 65 69 70 71 75 76 77 81 82 83 87 88 89 93 94 95 99 100 101 105 106 107 111 112 113 117 118 119 123 124 125 129 130 131 135 136 137 141 142 143 147 148 149 
c 2 1 21 0 1 2 3 4 5 6 7 8 9 10 11 14 15 16 17 20 21 22 23 27 28 29 30 31 32 33 34 35 36 37 38 39 40 41 44 45 46 47 50 51 52 53 57 58 59 60 61 62 63 64 65 66 67 68 69 70 71 74 75 76 77 80 81 82 83 87 88 89 90 91 92 93 94 95 96 97 98 99 100 101 104 105 106 107 110 111 112 113 116 117 118 119 120 121 122 123 124 125 127 128 129 130 131 133 134 135 136 137 139 140 141 142 143 145 146 147 148 149 150 
c 2 1 22 0 1 2 3 4 5 6 7 8 9 10 11 12 13 14 15 16 17 19 20 21 22 23 26 27 28 29 30 31 32 33 34 35 36 37 38 39 40 41 42 43 44 45 46 47 49 50 51 52 53 56 57 58 59 60 61 62 63 64 65 66 67 68 69 70 71 72 73 74 75 76 77 79 80 81 82 83 85 86 87 88 89 90 91 92 93 94 95 96 97 98 99 100 101 102 103 104 105 106 107 108 109 110 111 112 113 114 115 116 117 118 119 120 121 122 123 124 125 126 127 128 129 130 131 132 133 134 135 136 137 138 139 140 141 142 143 144 145 146 147 148 149 150 
c 2 1 23 0 1 2 3 4 5 6 7 8 9 10 11 12 13 14 15 16 17 18 19 20 21 22 23 25 26 27 28 29 30 31 32 33 34 35 36 37 38 39 40 41 42 43 44 45 46 47 48 49 50 51 52 53 55 56 57 58 60 61 62 63 64 65 66 67 68 69 70 71 72 73 74 75 76 77 78 79 80 81 82 83 84 85 86 87 90 91 92 93 94 95 96 97 98 99 100 101 102 103 104 105 106 107 108 109 110 111 112 114 115 116 117 118 120 121 122 123 124 125 126 127 128 129 130 131 132 133 134 135 136 137 138 139 140 141 142 143 144 145 146 147 148 149 150 
c 2 1 24 16 17 21 22 23 27 28 29 40 41 45 46 47 51 52 53 57 58 59 65 69 70 71 75 76 77 81 82 83 87 88 89 94 95 99 100 101 105 106 107 111 112 113 117 118 119 124 125 129 130 131 135 136 137 141 142 143 147 148 149 
c 2 1 25 16 17 21 22 23 27 28 29 40 41 45 46 47 51 52 53 57 58 59 70 71 75 76 77 81 82 83 87 88 89 95 100 101 105 106 107 111 112 113 117 118 119 124 125 129 130 131 135 136 137 141 142 143 147 148 149 
c 2 1 26 10 11 15 16 17 21 22 23 27 28 29 34 35 40 41 45 46 47 51 52 53 57 58 59 64 65 69 70 71 75 76 77 81 82 83 87 88 89 94 95 99 100 101 105 106 107 111 112 113 117 118 119 123 124 125 129 130 131 135 136 137 141 142 143 147 148 149 
c 2 1 27 0 1 2 3 4 5 6 7 8 9 10 11 14 15 16 17 20 21 22 23 27 28 29 30 31 32 33 34 35 36 37 38 39 40 41 44 45 46 47 50 51 52 53 57 58 59 60 61 62 63 64 65 66 67 68 69 70 71 74 75 76 77 80 81 82 83 87 88 89 90 91 92 93 94 95 96 97 98 99 100 101 104 105 106 107 110 111 112 113 116 117 118 119 120 121 122 123 124 125 127 128 129 130 131 133 134 135 136 137 139 140 141 142 143 145 146 147 148 149 150 
c 2 1 28 0 1 2 3 4 5 6 7 8 9 10 11 12 13 14 15 16 17 19 20 21 22 23 26 27 28 29 30 31 32 33 34 35 36 37 38 39 40 41 42 43 44 45 46 47 49 50 51 52 53 56 57 58 59 60 61 62 63 64 65 66 67 68 69 70 71 72 73 74 75 76 77 79 80 81 82 83 85 86 87 88 90 91 92 93 94 95 96 97 98 99 100 101 102 103 104 105 106 107 108 109 110 111 112 113 114 115 116 117 118 119 120 121 122 123 124 125 126 127 128 129 130 131 132 133 134 135 136 137 138 139 140 141 142 143 144 145 146 147 148 149 150 
c 2 1 29 0 1 2 3 4 5 6 7 8 9 10 11 12 13 14 15 16 18 19 20 21 25 26 30 31 32 33 34 35 36 37 38 39 40 41 42 43 44 45 46 48 49 50 51 55 56 60 61 62 63 64 65 66 67 68 69 70 71 72 73 74 75 78 79 80 84 85 86 90 91 92 93 94 95 96 97 98 99 100 101 102 103 104 105 108 109 110 111 114 115 116 117 120 121 122 123 124 125 126 127 128 129 130 131 132 133 134 135 136 137 138 139 140 141 142 143 144 145 146 147 148 149 150 
c 2 1 30 3 4 5 9 10 11 15 16 17 21 22 23 27 28 29 33 34 35 39 40 41 45 46 47 51 52 53 57 58 59 63 64 65 69 70 71 75 76 77 81 82 83 87 88 89 93 94 95 99 100 101 105 106 107 111 112 113 117 118 119 123 124 125 129 130 131 135 136 137 141 142 143 147 148 149 
c 2 1 31 3 4 5 9 10 11 15 16 17 21 22 23 27 28 29 33 34 35 39 40 41 45 46 47 51 52 53 57 58 59 63 64 65 69 70 71 75 76 77 81 82 83 87 88 89 93 94 95 99 100 101 105 106 107 111 112 113 117 118 119 123 124 125 129 130 131 135 136 137 141 142 143 147 148 149 
c 2 1 32 3 4 5 9 10 11 15 16 17 21 22 23 27 28 29 33 34 35 39 40 41 45 46 47 51 52 53 57 58 59 63 64 65 69 70 71 75 76 77 81 82 83 87 88 89 93 94 95 99 100 101 105 106 107 111 112 113 117 118 119 123 124 125 129 130 131 135 136 137 141 142 143 147 148 149 
c 2 1 33 0 1 2 3 4 5 8 9 10 11 15 16 17 21 22 23 27 28 29 30 31 32 33 34 35 38 39 40 41 45 46 47 51 52 53 57 58 59 60 61 62 63 64 65 68 69 70 71 75 76 77 81 82 83 87 88 89 90 91 92 93 94 95 98 99 100 101 105 106 107 111 112 113 117 118 119 120 121 122 123 124 125 128 129 130 131 135 136 137 141 142 143 147 148 149 150 
c 2 1 34 0 1 2 3 4 5 6 7 8 9 10 11 14 15 16 17 20 21 22 23 27 28 29 30 31 32 33 34 35 36 37 38 39 40 41 44 45 46 47 50 51 52 53 57 58 59 60 61 62 63 64 65 66 67 68 69 70 71 74 75 76 77 80 81 82 83 87 88 89 90 91 92 93 94 95 96 97 98 99 100 101 104 105 106 107 110 111 112 113 116 117 118 119 120 121 122 123 124 125 127 128 129 130 131 133 134 135 136 137 139 140 141 142 143 145 146 147 148 149 150 
c 2 1 35 0 1 2 3 4 5 6 7 8 9 10 11 13 14 15 16 17 19 20 21 22 23 26 27 28 29 30 31 32 33 34 35 36 37 38 39 40 41 43 44 45 46 47 50 51 52 53 56 57 58 59 60 61 62 63 64 65 66 67 68 69 70 71 73 74 75 76 77 80 81 82 83 86 87 88 89 90 91 92 93 94 95 96 97 98 99 100 101 103 104 105 106 107 109 110 111 112 113 115 116 117 118 119 120 121 122 123 124 125 126 127 128 129 130 131 132 133 134 135 136 137 138 139 140 141 142 143 144 145 146 147 148 149 150 
c 2 1 36 3 4 5 9 10 11 15 16 17 21 22 23 27 28 29 33 34 35 39 40 41 45 46 47 51 52 53 57 58 59 63 64 65 69 70 71 75 76 77 81 82 83 87 88 89 93 94 95 99 100 101 105 106 107 111 112 113 117 118 119 123 124 125 129 130 131 135 136 137 141 142 143 147 148 149 
c 2 1 37 4 5 9 10 11 15 16 17 21 22 23 27 28 29 33 34 35 39 40 41 45 46 47 51 52 53 57 58 59 63 64 65 69 70 71 75 76 77 81 82 83 87 88 89 93 94 95 99 100 101 105 106 107 111 112 113 117 118 119 123 124 125 129 130 131 135 136 137 141 142 143 147 148 149 
c 2 1 38 3 4 5 9 10 11 15 16 17 21 22 23 27 28 29 33 34 35 39 40 41 45 46 47 51 52 53 57 58 59 63 64 65 69 70 71 75 76 77 81 82 83 87 88 89 93 94 95 99 100 101 105 106 107 111 112 113 117 118 119 123 124 125 129 130 131 135 136 137 141 142 143 147 148 149 
c 2 1 39 0 1 2 3 4 5 7 8 9 10 11 14 15 16 17 21 22 23 27 28 29 30 31 32 33 34 35 37 38 39 40 41 44 45 46 47 51 52 53 57 58 59 60 61 62 63 64 65 67 68 69 70 71 74 75 76 77 81 82 83 87 88 89 90 91 92 93 94 95 97 98 99 100 101 104 105 106 107 111 112 113 117 118 119 120 121 122 123 124 125 128 129 130 131 134 135 136 137 140 141 142 143 146 147 148 149 150 
c 2 1 40 0 1 2 3 4 5 6 7 8 9 10 11 13 14 15 16 17 20 21 22 23 26 27 28 29 30 31 32 33 34 35 36 37 38 39 40 41 43 44 45 46 47 50 51 52 53 56 57 58 59 60 61 62 63 64 65 66 67 68 69 70 71 73 74 75 76 77 80 81 82 83 86 87 88 89 90 91 92 93 94 95 96 97 98 99 100 101 103 104 105 106 107 109 110 111 112 113 115 116 117 118 119 120 121 122 123 124 125 126 127 128 129 130 131 132 133 134 135 136 137 138 139 140 141 142 143 144 145 146 147 148 149 150 
c 2 1 41 0 1 2 3 4 5 6 7 8 9 10 11 12 13 14 15 16 17 19 20 21 22 23 26 27 28 29 30 31 32 33 34 35 36 37 38 39 40 41 42 43 44 45 46 47 49 50 51 52 53 56 57 58 59 60 61 62 63 64 65 66 67 68 69 70 71 72 73 74 75 76 77 79 80 81 82 83 85 86 87 88 89 90 91 92 93 94 95 96 97 98 99 100 101 102 103 104 105 106 107 108 109 110 111 112 113 114 115 116 117 118 119 120 121 122 123 124 125 126 127 128 129 130 131 132 133 134 135 136 137 138 139 140 141 142 143 144 145 146 147 148 149 150 
c 2 1 42 5 9 10 11 15 16 17 21 22 23 27 28 29 34 35 39 40 41 45 46 47 51 52 53 57 58 59 63 64 65 69 70 71 75 76 77 81 82 83 87 88 89 93 94 95 99 100 101 105 106 107 111 112 113 117 118 119 123 124 125 129 130 131 135 136 137 141 142 143 147 148 149 
c 2 1 43 10 11 15 16 17 21 22 23 27 28 29 34 35 39 40 41 45 46 47 51 52 53 57 58 59 64 65 69 70 71 75 76 77 81 82 83 87 88 89 93 94 95 99 100 101 105 106 107 111 112 113 117 118 119 123 124 125 129 130 131 135 136 137 141 142 143 147 148 149 
c 2 1 44 4 5 9 10 11 15 16 17 21 22 23 27 28 29 33 34 35 39 40 41 45 46 47 51 52 53 57 58 59 63 64 65 69 70 71 75 76 77 81 82 83 87 88 89 93 94 95 99 100 101 105 106 107 111 112 113 117 118 119 123 124 125 129 130 131 135 136 137 141 142 143 147 148 149 
c 2 1 45 0 1 2 3 4 5 7 8 9 10 11 14 15 16 17 20 21 22 23 27 28 29 30 31 32 33 34 35 37 38 39 40 41 44 45 46 47 51 52 53 57 58 59 60 61 62 63 64 65 67 68 69 70 71 74 75 76 77 81 82 83 87 88 89 90 91 92 93 94 95 97 98 99 100 101 104 105 106 107 110 111 112 113 116 117 118 119 120 121 122 123 124 125 127 128 129 130 131 133 134 135 136 137 139 140 141 142 143 145 146 147 148 149 150 
c 2 1 46 0 1 2 3 4 5 6 7 8 9 10 11 13 14 15 16 17 20 21 22 23 26 27 28 29 30 31 32 33 34 35 36 37 38 39 40 41 43 44 45 46 47 50 51 52 53 56 57 58 59 60 61 62 63 64 65 66 67 68 69 70 71 73 74 75 76 77 80 81 82 83 86 87 88 89 90 91 92 93 94 95 96 97 98 99 100 101 103 104 105 106 107 109 110 111 112 113 115 116 117 118 119 120 121 122 123 124 125 126 127 128 129 130 131 132 133 134 135 136 137 138 139 140 141 142 143 144 145 146 147 148 149 150 
c 2 1 47 0 1 2 3 4 5 6 7 8 9 10 11 12 13 14 15 16 17 19 20 21 22 23 26 27 28 29 30 31 32 33 34 35 36 37 38 39 40 41 42 43 44 45 46 47 49 50 51 52 53 56 57 58 59 60 61 62 63 64 65 66 67 68 69 70 71 72 73 74 75 76 77 79 80 81 82 83 85 86 87 88 89 90 91 92 93 94 95 96 97 98 99 100 101 102 103 104 105 106 107 108 109 110 111 112 113 114 115 116 117 118 119 120 121 122 123 124 125 126 127 128 129 130 131 132 133 134 135 136 137 138 139 140 141 142 143 144 145 146 147 148 149 150 
c 2 1 48 11 15 16 17 21 22 23 27 28 29 40 41 45 46 47 51 52 53 57 58 59 64 65 69 70 71 75 76 77 81 82 83 87 88 89 94 95 99 100 101 105 106 107 111 112 113 117 118 119 123 124 125 129 130 131 135 136 137 141 142 143 147 148 149 
c 2 1 49 16 17 21 22 23 27 28 29 40 41 45 46 47 51 52 53 57 58 59 65 69 70 71 75 76 77 81 82 83 87 88 89 94 95 99 100 101 105 106 107 111 112 113 117 118 119 124 125 129 130 131 135 136 137 141 142 143 147 148 149 
c 2 1 50 10 11 15 16 17 21 22 23 27 28 29 34 35 39 40 41 45 46 47 51 52 53 57 58 59 64 65 69 70 71 75 76 77 81 82 83 87 88 89 93 94 95 99 100 101 105 106 107 111 112 113 117 118 119 123 124 125 129 130 131 135 136 137 141 142 143 147 148 149 
c 2 1 51 0 1 2 3 4 5 7 8 9 10 11 14 15 16 17 20 21 22 23 27 28 29 30 31 32 33 34 35 37 38 39 40 41 44 45 46 47 51 52 53 57 58 59 60 61 62 63 64 65 67 68 69 70 71 74 75 76 77 81 82 83 87 88 89 90 91 92 93 94 95 97 98 99 100 101 104 105 106 107 110 111 112 113 116 117 118 119 120 121 122 123 124 125 127 128 129 130 131 133 134 135 136 137 139 140 141 142 143 145 146 147 148 149 150 
c 2 1 52 0 1 2 3 4 5 6 7 8 9 10 11 13 14 15 16 17 20 21 22 23 26 27 28 29 30 31 32 33 34 35 36 37 38 39 40 41 43 44 45 46 47 50 51 52 53 56 57 58 59 60 61 62 63 64 65 66 67 68 69 70 71 73 74 75 76 77 80 81 82 83 86 87 88 89 90 91 92 93 94 95 96 97 98 99 100 101 103 104 105 106 107 109 110 111 112 113 115 116 117 118 119 120 121 122 123 124 125 126 127 128 129 130 131 132 133 134 135 136 137 138 139 140 141 142 143 144 145 146 147 148 149 150 
c 2 1 53 0 1 2 3 4 5 6 7 8 9 10 11 12 13 14 15 16 17 19 20 21 22 23 26 27 28 29 30 31 32 33 34 35 36 37 38 39 40 41 42 43 44 45 46 47 49 50 51 52 53 56 57 60 61 62 63 64 65 66 67 68 69 70 71 72 73 74 75 76 77 79 80 81 82 83 85 86 87 90 91 92 93 94 95 96 97 98 99 100 101 102 103 104 105 106 107 108 109 110 111 112 114 115 116 117 118 120 121 122 123 124 125 126 127 128 129 130 131 132 133 134 135 136 137 138 139 140 141 142 143 144 145 146 147 148 149 150 
c 2 1 54 22 23 27 28 29 46 47 51 52 53 57 58 59 71 76 77 81 82 83 87 88 89 100 101 105 106 107 111 112 113 117 118 119 125 130 131 135 136 137 141 142 143 147 148 149 
c 2 1 55 17 22 23 27 28 29 46 47 51 52 53 57 58 59 71 76 77 81 82 83 87 88 89 100 101 105 106 107 111 112 113 117 118 119 125 130 131 135 136 137 141 142 143 147 148 149 
c 2 1 56 11 16 17 21 22 23 27 28 29 40 41 45 46 47 51 52 53 57 58 59 65 69 70 71 75 76 77 81 82 83 87 88 89 94 95 99 100 101 105 106 107 111 112 113 117 118 119 124 125 129 130 131 135 136 137 141 142 143 147 148 149 
c 2 1 57 0 1 2 3 4 5 7 8 9 10 11 14 15 16 17 20 21 22 23 27 28 29 30 31 32 33 34 35 37 38 39 40 41 44 45 46 47 51 52 53 57 58 59 60 61 62 63 64 65 67 68 69 70 71 74 75 76 77 81 82 83 87 88 89 90 91 92 93 94 95 97 98 99 100 101 104 105 106 107 110 111 112 113 116 117 118 119 120 121 122 123 124 125 127 128 129 130 131 133 134 135 136 137 139 140 141 142 143 145 146 147 148 149 150 
c 2 1 58 0 1 2 3 4 5 6 7 8 9 10 11 13 14 15 16 17 20 21 22 23 26 27 28 29 30 31 32 33 34 35 36 37 38 39 40 41 43 44 45 46 47 50 51 52 53 56 57 58 59 60 61 62 63 64 65 66 67 68 69 70 71 73 74 75 76 77 80 81 82 83 86 87 88 90 91 92 93 94 95 96 97 98 99 100 101 103 104 105 106 107 109 110 111 112 113 115 116 117 118 119 120 121 122 123 124 125 126 127 128 129 130 131 132 133 134 135 136 137 138 139 140 141 142 143 144 145 146 147 148 149 150 
c 2 1 59 0 1 2 3 4 5 6 7 8 9 10 11 12 13 14 15 16 17 19 20 21 22 26 27 30 31 32 33 34 35 36 37 38 39 40 41 42 43 44 45 46 47 49 50 51 56 57 60 61 62 63 64 65 66 67 68 69 70 71 72 73 74 75 76 77 79 80 81 85 86 87 90 91 92 93 94 95 96 97 98 99 100 101 102 103 104 105 106 108 109 110 111 112 114 115 116 117 118 120 121 122 123 124 125 126 127 128 129 130 131 132 133 134 135 136 137 138 139 140 141 142 143 144 145 146 147 148 149 150 
c 2 1 60 3 4 5 9 10 11 15 16 17 21 22 23 27 28 29 33 34 35 39 40 41 45 46 47 51 52 53 57 58 59 63 64 65 69 70 71 75 76 77 81 82 83 87 88 89 93 94 95 99 100 101 105 106 107 111 112 113 117 118 119 123 124 125 129 130 131 135 136 137 141 142 143 147 148 149 
c 2 1 61 3 4 5 9 10 11 15 16 17 21 22 23 27 28 29 33 34 35 39 40 41 45 46 47 51 52 53 57 58 59 63 64 65 69 70 71 75 76 77 81 82 83 87 88 89 93 94 95 99 100 101 105 106 107 111 112 113 117 118 119 123 124 125 129 130 131 135 136 137 141 142 143 147 148 149 
c 2 1 62 3 4 5 9 10 11 15 16 17 21 22 23 27 28 29 33 34 35 39 40 41 45 46 47 51 52 53 57 58 59 63 64 65 69 70 71 75 76 77 81 82 83 87 88 89 93 94 95 99 100 101 105 106 107 111 112 113 117 118 119 123 124 125 129 130 131 135 136 137 141 142 143 147 148 149 
c 2 1 63 0 1 2 3 4 5 8 9 10 11 15 16 17 21 22 23 27 28 29 30 31 32 33 34 35 38 39 40 41 45 46 47 51 52 53 57 58 59 60 61 62 63 64 65 68 69 70 71 75 76 77 81 82 83 87 88 89 90 91 92 93 94 95 98 99 100 101 105 106 107 111 112 113 117 118 119 120 121 122 123 124 125 128 129 130 131 135 136 137 141 142 143 147 148 149 150 
c 2 1 64 0 1 2 3 4 5 6 7 8 9 10 11 14 15 16 17 20 21 22 23 26 27 28 29 30 31 32 33 34 35 36 37 38 39 40 41 44 45 46 47 50 51 52 53 57 58 59 60 61 62 63 64 65 66 67 68 69 70 71 74 75 76 77 80 81 82 83 87 88 89 90 91 92 93 94 95 96 97 98 99 100 101 104 105 106 107 110 111 112 113 116 117 118 119 120 121 122 123 124 125 127 128 129 130 131 133 134 135 136 137 139 140 141 142 143 145 146 147 148 149 150 
c 2 1 65 0 1 2 3 4 5 6 7 8 9 10 11 13 14 15 16 17 19 20 21 22 23 26 27 28 29 30 31 32 33 34 35 36 37 38 39 40 41 43 44 45 46 47 50 51 52 53 56 57 58 59 60 61 62 63 64 65 66 67 68 69 70 71 73 74 75 76 77 80 81 82 83 86 87 88 89 90 91 92 93 94 95 96 97 98 99 100 101 103 104 105 106 107 109 110 111 112 113 115 116 117 118 119 120 121 122 123 124 125 126 127 128 129 130 131 132 133 134 135 136 137 138 139 140 141 142 143 144 145 146 147 148 149 150 
c 2 1 66 4 5 9 10 11 15 16 17 21 22 23 27 28 29 33 34 35 39 40 41 45 46 47 51 52 53 57 58 59 63 64 65 69 70 71 75 76 77 81 82 83 87 88 89 93 94 95 99 100 101 105 106 107 111 112 113 117 118 119 123 124 125 129 130 131 135 136 137 141 142 143 147 148 149 
c 2 1 67 4 5 9 10 11 15 16 17 21 22 23 27 28 29 33 34 35 39 40 41 45 46 47 51 52 53 57 58 59 63 64 65 69 70 71 75 76 77 81 82 83 87 88 89 93 94 95 99 100 101 105 106 107 111 112 113 117 118 119 123 124 125 129 130 131 135 136 137 141 142 143 147 148 149 
c 2 1 68 3 4 5 9 10 11 15 16 17 21 22 23 27 28 29 33 34 35 39 40 41 45 46 47 51 52 53 57 58 59 63 64 65 69 70 71 75 76 77 81 82 83 87 88 89 93 94 95 99 100 101 105 106 107 111 112 113 117 118 119 123 124 125 129 130 131 135 136 137 141 142 143 147 148 149 
c 2 1 69 0 1 2 3 4 5 8 9 10 11 14 15 16 17 21 22 23 27 28 29 30 31 32 33 34 35 38 39 40 41 44 45 46 47 51 52 53 57 58 59 60 61 62 63 64 65 67 68 69 70 71 74 75 76 77 81 82 83 87 88 89 90 91 92 93 94 95 98 99 100 101 105 106 107 111 112 113 117 118 119 120 121 122 123 124 125 128 129 130 131 134 135 136 137 140 141 142 143 146 147 148 149 150 
c 2 1 70 0 1 2 3 4 5 6 7 8 9 10 11 13 14 15 16 17 20 21 22 23 26 27 28 29 30 31 32 33 34 35 36 37 38 39 40 41 44 45 46 47 50 51 52 53 57 58 59 60 61 62 63 64 65 66 67 68 69 70 71 74 75 76 77 80 81 82 83 86 87 88 89 90 91 92 93 94 95 96 97 98 99 100 101 104 105 106 107 110 111 112 113 116 117 118 119 120 121 122 123 124 125 126 127 128 129 130 131 132 133 134 135 136 137 138 139 140 141 142 143 144 145 146 147 148 149 150 
c 2 1 71 0 1 2 3 4 5 6 7 8 9 10 11 13 14 15 16 17 19 20 21 22 23 26 27 28 29 30 31 32 33 34 35 36 37 38 39 40 41 43 44 45 46 47 50 51 52 53 56 57 58 59 60 61 62 63 64 65 66 67 68 69 70 71 73 74 75 76 77 80 81 82 83 86 87 88 89 90 91 92 93 94 95 96 97 98 99 100 101 103 104 105 106 107 109 110 111 112 113 115 116 117 118 119 120 121 122 123 124 125 126 127 128 129 130 131 132 133 134 135 136 137 138 139 140 141 142 143 144 145 146 147 148 149 150 
c 2 1 72 10 11 15 16 17 21 22 23 27 28 29 34 35 39 40 41 45 46 47 51 52 53 57 58 59 64 65 69 70 71 75 76 77 81 82 83 87 88 89 93 94 95 99 100 101 105 106 107 111 112 113 117 118 119 123 124 125 129 130 131 135 136 137 141 142 143 147 148 149 
c 2 1 73 10 11 15 16 17 21 22 23 27 28 29 34 35 39 40 41 45 46 47 51 52 53 57 58 59 64 65 69 70 71 75 76 77 81 82 83 87 88 89 94 95 99 100 101 105 106 107 111 112 113 117 118 119 123 124 125 129 130 131 135 136 137 141 142 143 147 148 149 
c 2 1 74 4 5 9 10 11 15 16 17 21 22 23 27 28 29 34 35 39 40 41 45 46 47 51 52 53 57 58 59 63 64 65 69 70 71 75 76 77 81 82 83 87 88 89 93 94 95 99 100 101 105 106 107 111 112 113 117 118 119 123 124 125 129 130 131 135 136 137 141 142 143 147 148 149 
c 2 1 75 0 1 2 3 4 5 8 9 10 11 14 15 16 17 21 22 23 27 28 29 30 31 32 33 34 35 38 39 40 41 44 45 46 47 51 52 53 57 58 59 60 61 62 63 64 65 67 68 69 70 71 74 75 76 77 81 82 83 87 88 89 90 91 92 93 94 95 98 99 100 101 105 106 107 111 112 113 117 118 119 120 121 122 123 124 125 128 129 130 131 134 135 136 137 140 141 142 143 146 147 148 149 150 
c 2 1 76 0 1 2 3 4 5 6 7 8 9 10 11 13 14 15 16 17 20 21 22 23 26 27 28 29 30 31 32 33 34 35 36 37 38 39 40 41 44 45 46 47 50 51 52 53 57 58 59 60 61 62 63 64 65 66 67 68 69 70 71 74 75 76 77 80 81 82 83 86 87 88 89 90 91 92 93 94 95 96 97 98 99 100 101 104 105 106 107 110 111 112 113 116 117 118 119 120 121 122 123 124 125 126 127 128 129 130 131 132 133 134 135 136 137 138 139 140 141 142 143 144 145 146 147 148 149 150 
c 2 1 77 0 1 2 3 4 5 6 7 8 9 10 11 13 14 15 16 17 19 20 21 22 23 26 27 28 29 30 31 32 33 34 35 36 37 38 39 40 41 43 44 45 46 47 50 51 52 53 56 57 58 59 60 61 62 63 64 65 66 67 68 69 70 71 73 74 75 76 77 80 81 82 83 86 87 88 89 90 91 92 93 94 95 96 97 98 99 100 101 103 104 105 106 107 109 110 111 112 113 115 116 117 118 119 120 121 122 123 124 125 126 127 128 129 130 131 132 133 134 135 136 137 138 139 140 141 142 143 144 145 146 147 148 149 150 
c 2 1 78 17 21 22 23 27 28 29 46 47 51 52 53 57 58 59 70 71 75 76 77 81 82 83 87 88 89 100 101 105 106 107 111 112 113 117 118 119 124 125 129 130 131 135 136 137 141 142 143 147 148 149 
c 2 1 79 16 17 21 22 23 27 28 29 41 46 47 51 52 53 57 58 59 70 71 75 76 77 81 82 83 87 88 89 95 100 101 105 106 107 111 112 113 117 118 119 124 125 129 130 131 135 136 137 141 142 143 147 148 149 
c 2 1 80 10 11 15 16 17 21 22 23 27 28 29 34 35 39 40 41 45 46 47 51 52 53 57 58 59 64 65 69 70 71 75 76 77 81 82 83 87 88 89 93 94 95 99 100 101 105 106 107 111 112 113 117 118 119 123 124 125 129 130 131 135 136 137 141 142 143 147 148 149 
c 2 1 81 0 1 2 3 4 5 8 9 10 11 14 15 16 17 21 22 23 27 28 29 30 31 32 33 34 35 38 39 40 41 44 45 46 47 51 52 53 57 58 59 60 61 62 63 64 65 67 68 69 70 71 74 75 76 77 81 82 83 87 88 89 90 91 92 93 94 95 98 99 100 101 105 106 107 111 112 113 117 118 119 120 121 122 123 124 125 128 129 130 131 134 135 136 137 140 141 142 143 146 147 148 149 150 
c 2 1 82 0 1 2 3 4 5 6 7 8 9 10 11 13 14 15 16 17 20 21 22 23 26 27 28 29 30 31 32 33 34 35 36 37 38 39 40 41 44 45 46 47 50 51 52 53 57 58 59 60 61 62 63 64 65 66 67 68 69 70 71 74 75 76 77 80 81 82 83 86 87 88 89 90 91 92 93 94 95 96 97 98 99 100 101 104 105 106 107 110 111 112 113 116 117 118 119 120 121 122 123 124 125 126 127 128 129 130 131 132 133 134 135 136 137 138 139 140 141 142 143 144 145 146 147 148 149 150 
c 2 1 83 0 1 2 3 4 5 6 7 8 9 10 11 13 14 15 16 17 19 20 21 22 23 26 27 28 30 31 32 33 34 35 36 37 38 39 40 41 43 44 45 46 47 50 51 52 53 56 57 58 60 61 62 63 64 65 66 67 68 69 70 71 73 74 75 76 77 80 81 82 83 86 87 90 91 92 93 94 95 96 97 98 99 100 101 103 104 105 106 107 109 110 111 112 115 116 117 118 120 121 122 123 124 125 126 127 128 129 130 131 132 133 134 135 136 137 138 139 140 141 142 143 144 145 146 147 148 149 150 
c 2 1 84 28 29 52 53 57 58 59 77 81 82 83 87 88 89 106 107 111 112 113 117 118 119 130 131 135 136 137 141 142 143 147 148 149 
c 2 1 85 21 22 23 27 28 29 46 47 51 52 53 57 58 59 70 71 75 76 77 81 82 83 87 88 89 100 101 105 106 107 111 112 113 117 118 119 124 125 129 130 131 135 136 137 141 142 143 147 148 149 
c 2 1 86 10 11 15 16 17 21 22 23 27 28 29 34 35 39 40 41 45 46 47 51 52 53 57 58 59 64 65 69 70 71 75 76 77 81 82 83 87 88 89 93 94 95 99 100 101 105 106 107 111 112 113 117 118 119 123 124 125 129 130 131 135 136 137 141 142 143 147 148 149 
c 2 1 87 0 1 2 3 4 5 8 9 10 11 14 15 16 17 21 22 23 27 28 29 30 31 32 33 34 35 38 39 40 41 44 45 46 47 51 52 53 57 58 59 60 61 62 63 64 65 67 68 69 70 71 74 75 76 77 81 82 83 87 88 89 90 91 92 93 94 95 98 99 100 101 105 106 107 111 112 113 117 118 119 120 121 122 123 124 125 128 129 130 131 134 135 136 137 140 141 142 143 146 147 148 149 150 
c 2 1 88 0 1 2 3 4 5 6 7 8 9 10 11 13 14 15 16 17 20 21 22 23 26 27 28 29 30 31 32 33 34 35 36 37 38 39 40 41 44 45 46 47 50 51 52 53 57 58 59 60 61 62 63 64 65 66 67 68 69 70 71 74 75 76 77 80 81 82 83 86 87 88 89 90 91 92 93 94 95 96 97 98 99 100 101 104 105 106 107 110 111 112 113 116 117 118 119 120 121 122 123 124 125 126 127 128 129 130 131 132 133 134 135 136 137 138 139 140 141 142 143 144 145 146 147 148 149 150 
c 2 1 89 0 1 2 3 4 5 6 7 8 9 10 11 13 14 15 16 17 19 20 21 22 23 26 27 28 30 31 32 33 34 35 36 37 38 39 40 41 43 44 45 46 47 50 51 52 53 56 57 58 60 61 62 63 64 65 66 67 68 69 70 71 73 74 75 76 77 80 81 82 83 86 87 90 91 92 93 94 95 96 97 98 99 100 101 103 104 105 106 107 109 110 111 112 115 116 117 118 120 121 122 123 124 125 126 127 128 129 130 131 132 133 134 135 136 137 138 139 140 141 142 143 144 145 146 147 148 149 150 
c 2 1 90 3 4 5 9 10 11 15 16 17 21 22 23 27 28 29 33 34 35 39 40 41 45 46 47 51 52 53 57 58 59 63 64 65 69 70 71 75 76 77 81 82 83 87 88 89 93 94 95 99 100 101 105 106 107 111 112 113 117 118 119 123 124 125 129 130 131 135 136 137 141 142 143 147 148 149 
c 2 1 91 3 4 5 9 10 11 15 16 17 21 22 23 27 28 29 33 34 35 39 40 41 45 46 47 51 52 53 57 58 59 63 64 65 69 70 71 75 76 77 81 82 83 87 88 89 93 94 95 99 100 101 105 106 107 111 112 113 117 118 119 123 124 125 129 130 131 135 136 137 141 142 143 147 148 149 
c 2 1 92 3 4 5 9 10 11 15 16 17 21 22 23 27 28 29 33 34 35 39 40 41 45 46 47 51 52 53 57 58 59 63 64 65 69 70 71 75 76 77 81 82 83 87 88 89 93 94 95 99 100 101 105 106 107 111 112 113 117 118 119 123 124 125 129 130 131 135 136 137 141 142 143 147 148 149 
c 2 1 93 0 1 2 3 4 5 9 10 11 15 16 17 21 22 23 27 28 29 30 31 32 33 34 35 39 40 41 45 46 47 51 52 53 57 58 59 60 61 62 63 64 65 69 70 71 75 76 77 81 82 83 87 88 89 90 91 92 93 94 95 99 100 101 105 106 107 111 112 113 117 118 119 120 121 122 123 124 125 129 130 131 135 136 137 141 142 143 147 148 149 150 
c 2 1 94 0 1 2 3 4 5 7 8 9 10 11 14 15 16 17 21 22 23 27 28 29 30 31 32 33 34 35 37 38 39 40 41 44 45 46 47 51 52 53 57 58 59 60 61 62 63 64 65 67 68 69 70 71 74 75 76 77 81 82 83 87 88 89 90 91 92 93 94 95 97 98 99 100 101 104 105 106 107 111 112 113 117 118 119 120 121 122 123 124 125 128 129 130 131 134 135 136 137 140 141 142 143 146 147 148 149 150 
c 2 1 95 0 1 2 3 4 5 6 7 8 9 10 11 14 15 16 17 20 21 22 23 27 28 29 30 31 32 33 34 35 36 37 38 39 40 41 44 45 46 47 50 51 52 53 57 58 59 60 61 62 63 64 65 66 67 68 69 70 71 74 75 76 77 81 82 83 87 88 89 90 91 92 93 94 95 96 97 98 99 100 101 104 105 106 107 110 111 112 113 116 117 118 119 120 121 122 123 124 125 127 128 129 130 131 133 134 135 136 137 139 140 141 142 143 145 146 147 148 149 150 
c 2 1 96 4 5 9 10 11 15 16 17 21 22 23 27 28 29 33 34 35 39 40 41 45 46 47 51 52 53 57 58 59 63 64 65 69 70 71 75 76 77 81 82 83 87 88 89 93 94 95 99 100 101 105 106 107 111 112 113 117 118 119 123 124 125 129 130 131 135 136 137 141 142 143 147 148 149 
c 2 1 97 4 5 9 10 11 15 16 17 21 22 23 27 28 29 33 34 35 39 40 41 45 46 47 51 52 53 57 58 59 63 64 65 69 70 71 75 76 77 81 82 83 87 88 89 93 94 95 99 100 101 105 106 107 111 112 113 117 118 119 123 124 125 129 130 131 135 136 137 141 142 143 147 148 149 
c 2 1 98 3 4 5 9 10 11 15 16 17 21 22 23 27 28 29 33 34 35 39 40 41 45 46 47 51 52 53 57 58 59 63 64 65 69 70 71 75 76 77 81 82 83 87 88 89 93 94 95 99 100 101 105 106 107 111 112 113 117 118 119 123 124 125 129 130 131 135 136 137 141 142 143 147 148 149 
c 2 1 99 0 1 2 3 4 5 9 10 11 15 16 17 21 22 23 27 28 29 30 31 32 33 34 35 39 40 41 45 46 47 51 52 53 57 58 59 60 61 62 63 64 65 69 70 71 75 76 77 81 82 83 87 88 89 90 91 92 93 94 95 99 100 101 105 106 107 111 112 113 117 118 119 120 121 122 123 124 125 129 130 131 135 136 137 141 142 143 147 148 149 150 
c 2 1 100 0 1 2 3 4 5 7 8 9 10 11 14 15 16 17 21 22 23 27 28 29 30 31 32 33 34 35 37 38 39 40 41 44 45 46 47 51 52 53 57 58 59 60 61 62 63 64 65 67 68 69 70 71 74 75 76 77 81 82 83 87 88 89 90 91 92 93 94 95 97 98 99 100 101 104 105 106 107 111 112 113 117 118 119 120 121 122 123 124 125 128 129 130 131 134 135 136 137 140 141 142 143 146 147 148 149 150 
c 2 1 101 0 1 2 3 4 5 6 7 8 9 10 11 14 15 16 17 20 21 22 23 27 28 29 30 31 32 33 34 35 36 37 38 39 40 41 44 45 46 47 50 51 52 53 57 58 59 60 61 62 63 64 65 66 67 68 69 70 71 74 75 76 77 81 82 83 87 88 89 90 91 92 93 94 95 96 97 98 99 100 101 104 105 106 107 110 111 112 113 116 117 118 119 120 121 122 123 124 125 127 128 129 130 131 133 134 135 136 137 139 140 141 142 143 145 146 147 148 149 150 
c 2 1 102 10 15 16 17 21 22 23 27 28 29 39 40 41 45 46 47 51 52 53 57 58 59 64 65 69 70 71 75 76 77 81 82 83 87 88 89 94 95 99 100 101 105 106 107 111 112 113 117 118 119 123 124 125 129 130 131 135 136 137 141 142 143 147 148 149 
c 2 1 103 9 10 11 15 16 17 21 22 23 27 28 29 34 35 39 40 41 45 46 47 51 52 53 57 58 59 63 64 65 69 70 71 75 76 77 81 82 83 87 88 89 93 94 95 99 100 101 105 106 107 111 112 113 117 118 119 123 124 125 129 130 131 135 136 137 141 142 143 147 148 149 
c 2 1 104 4 5 9 10 11 15 16 17 21 22 23 27 28 29 33 34 35 39 40 41 45 46 47 51 52 53 57 58 59 63 64 65 69 70 71 75 76 77 81 82 83 87 88 89 93 94 95 99 100 101 105 106 107 111 112 113 117 118 119 123 124 125 129 130 131 135 136 137 141 142 143 147 148 149 
c 2 1 105 0 1 2 3 4 5 9 10 11 15 16 17 21 22 23 27 28 29 30 31 32 33 34 35 39 40 41 45 46 47 51 52 53 57 58 59 60 61 62 63 64 65 69 70 71 75 76 77 81 82 83 87 88 89 90 91 92 93 94 95 99 100 101 105 106 107 111 112 113 117 118 119 120 121 122 123 124 125 129 130 131 135 136 137 141 142 143 147 148 149 150 
c 2 1 106 0 1 2 3 4 5 7 8 9 10 11 14 15 16 17 21 22 23 27 28 29 30 31 32 33 34 35 37 38 39 40 41 44 45 46 47 51 52 53 57 58 59 60 61 62 63 64 65 67 68 69 70 71 74 75 76 77 81 82 83 87 88 89 90 91 92 93 94 95 97 98 99 100 101 104 105 106 107 111 112 113 117 118 119 120 121 122 123 124 125 128 129 130 131 134 135 136 137 140 141 142 143 146 147 148 149 150 
c 2 1 107 0 1 2 3 4 5 6 7 8 9 10 11 14 15 16 17 20 21 22 23 27 28 29 30 31 32 33 34 35 36 37 38 39 40 41 44 45 46 47 50 51 52 53 57 58 59 60 61 62 63 64 65 66 67 68 69 70 71 74 75 76 77 81 82 83 87 88 89 90 91 92 93 94 95 96 97 98 99 100 101 104 105 106 107 110 111 112 113 116 117 118 119 120 121 122 123 124 125 127 128 129 130 131 133 134 135 136 137 139 140 141 142 143 145 146 147 148 149 150 
c 2 1 108 10 15 16 17 21 22 23 27 28 29 39 40 41 45 46 47 51 52 53 57 58 59 64 65 69 70 71 75 76 77 81 82 83 87 88 89 94 95 99 100 101 105 106 107 111 112 113 117 118 119 123 124 125 129 130 131 135 136 137 141 142 143 147 148 149 
c 2 1 109 9 10 11 15 16 17 21 22 23 27 28 29 34 35 39 40 41 45 46 47 51 52 53 57 58 59 63 64 65 69 70 71 75 76 77 81 82 83 87 88 89 93 94 95 99 100 101 105 106 107 111 112 113 117 118 119 123 124 125 129 130 131 135 136 137 141 142 143 147 148 149 
c 2 1 110 4 5 9 10 11 15 16 17 21 22 23 27 28 29 33 34 35 39 40 41 45 46 47 51 52 53 57 58 59 63 64 65 69 70 71 75 76 77 81 82 83 87 88 89 93 94 95 99 100 101 105 106 107 111 112 113 117 118 119 123 124 125 129 130 131 135 136 137 141 142 143 147 148 149 
c 2 1 111 0 1 2 3 4 5 9 10 11 15 16 17 21 22 23 27 28 29 30 31 32 33 34 35 39 40 41 45 46 47 51 52 53 57 58 59 60 61 62 63 64 65 69 70 71 75 76 77 81 82 83 87 88 89 90 91 92 93 94 95 99 100 101 105 106 107 111 112 113 117 118 119 120 121 122 123 124 125 129 130 131 135 136 137 141 142 143 147 148 149 150 
c 2 1 112 0 1 2 3 4 5 7 8 9 10 11 14 15 16 17 21 22 23 27 28 29 30 31 32 33 34 35 37 38 39 40 41 44 45 46 47 51 52 53 57 58 59 60 61 62 63 64 65 67 68 69 70 71 74 75 76 77 81 82 83 87 88 89 90 91 92 93 94 95 97 98 99 100 101 104 105 106 107 111 112 113 117 118 119 120 121 122 123 124 125 128 129 130 131 134 135 136 137 140 141 142 143 146 147 148 149 150 
c 2 1 113 0 1 2 3 4 5 6 7 8 9 10 11 14 15 16 17 20 21 22 23 27 28 29 30 31 32 33 34 35 36 37 38 39 40 41 44 45 46 47 50 51 52 53 57 58 59 60 61 62 63 64 65 66 67 68 69 70 71 74 75 76 77 81 82 83 87 88 90 91 92 93 94 95 96 97 98 99 100 101 104 105 106 107 110 111 112 113 116 117 118 119 120 121 122 123 124 125 127 128 129 130 131 133 134 135 136 137 139 140 141 142 143 145 146 147 148 149 150 
c 2 1 114 10 15 16 17 21 22 23 27 28 29 39 40 41 45 46 47 51 52 53 57 58 59 64 65 69 70 71 75 76 77 81 82 83 87 88 89 94 95 99 100 101 105 106 107 111 112 113 117 118 119 123 124 125 129 130 131 135 136 137 141 142 143 147 148 149 
c 2 1 115 9 10 11 15 16 17 21 22 23 27 28 29 34 35 39 40 41 45 46 47 51 52 53 57 58 59 63 64 65 69 70 71 75 76 77 81 82 83 87 88 89 93 94 95 99 100 101 105 106 107 111 112 113 117 118 119 123 124 125 129 130 131 135 136 137 141 142 143 147 148 149 
c 2 1 116 4 5 9 10 11 15 16 17 21 22 23 27 28 29 33 34 35 39 40 41 45 46 47 51 52 53 57 58 59 63 64 65 69 70 71 75 76 77 81 82 83 87 88 89 93 94 95 99 100 101 105 106 107 111 112 113 117 118 119 123 124 125 129 130 131 135 136 137 141 142 143 147 148 149 
c 2 1 117 0 1 2 3 4 5 9 10 11 15 16 17 21 22 23 27 28 29 30 31 32 33 34 35 39 40 41 45 46 47 51 52 53 57 58 59 60 61 62 63 64 65 69 70 71 75 76 77 81 82 83 87 88 89 90 91 92 93 94 95 99 100 101 105 106 107 111 112 113 117 118 119 120 121 122 123 124 125 129 130 131 135 136 137 141 142 143 147 148 149 150 
c 2 1 118 0 1 2 3 4 5 7 8 9 10 11 14 15 16 17 21 22 23 27 28 29 30 31 32 33 34 35 37 38 39 40 41 44 45 46 47 51 52 53 57 58 59 60 61 62 63 64 65 67 68 69 70 71 74 75 76 77 81 82 83 87 88 89 90 91 92 93 94 95 97 98 99 100 101 104 105 106 107 111 112 113 117 118 119 120 121 122 123 124 125 128 129 130 131 134 135 136 137 140 141 142 143 146 147 148 149 150 
c 2 1 119 0 1 2 3 4 5 6 7 8 9 10 11 14 15 16 17 20 21 22 23 27 28 29 30 31 32 33 34 35 36 37 38 39 40 41 44 45 46 47 50 51 52 53 57 58 59 60 61 62 63 64 65 66 67 68 69 70 71 74 75 76 77 81 82 83 87 88 90 91 92 93 94 95 96 97 98 99 100 101 104 105 106 107 110 111 112 113 116 117 118 119 120 121 122 123 124 125 127 128 129 130 131 133 134 135 136 137 139 140 141 142 143 145 146 147 148 149 150 
c 2 1 120 3 4 5 9 10 11 15 16 17 21 22 23 27 28 29 33 34 35 39 40 41 45 46 47 51 52 53 57 58 59 63 64 65 69 70 71 75 76 77 81 82 83 87 88 89 93 94 95 99 100 101 105 106 107 111 112 113 117 118 119 123 124 125 129 130 131 135 136 137 141 142 143 147 148 149 
c 2 1 121 3 4 5 9 10 11 15 16 17 21 22 23 27 28 29 33 34 35 39 40 41 45 46 47 51 52 53 57 58 59 63 64 65 69 70 71 75 76 77 81 82 83 87 88 89 93 94 95 99 100 101 105 106 107 111 112 113 117 118 119 123 124 125 129 130 131 135 136 137 141 142 143 147 148 149 
c 2 1 122 3 4 5 9 10 11 15 16 17 21 22 23 27 28 29 33 34 35 39 40 41 45 46 47 51 52 53 57 58 59 63 64 65 69 70 71 75 76 77 81 82 83 87 88 89 93 94 95 99 100 101 105 106 107 111 112 113 117 118 119 123 124 125 129 130 131 135 136 137 141 142 143 147 148 149 
c 2 1 123 3 4 5 9 10 11 15 16 17 21 22 23 27 28 29 33 34 35 39 40 41 45 46 47 51 52 53 57 58 59 63 64 65 69 70 71 75 76 77 81 82 83 87 88 89 93 94 95 99 100 101 105 106 107 111 112 113 117 118 119 123 124 125 129 130 131 135 136 137 141 142 143 147 148 149 
c 2 1 124 0 1 2 3 4 5 9 10 11 15 16 17 21 22 23 27 28 29 30 31 32 33 34 35 39 40 41 45 46 47 51 52 53 57 58 59 60 61 62 63 64 65 69 70 71 75 76 77 81 82 83 87 88 89 90 91 92 93 94 95 99 100 101 105 106 107 111 112 113 117 118 119 120 121 122 123 124 125 129 130 131 135 136 137 141 142 143 147 148 149 150 
c 2 1 125 0 1 2 3 4 5 9 10 11 15 16 17 21 22 23 27 28 29 30 31 32 33 34 35 39 40 41 45 46 47 51 52 53 57 58 59 60 61 62 63 64 65 69 70 71 75 76 77 81 82 83 87 88 89 90 91 92 93 94 95 99 100 101 105 106 107 111 112 113 117 118 119 120 121 122 123 124 125 129 130 131 135 136 137 141 142 143 147 148 149 150 
c 2 1 126 3 4 5 9 10 11 15 16 17 21 22 23 27 28 29 33 34 35 39 40 41 45 46 47 51 52 53 57 58 59 63 64 65 69 70 71 75 76 77 81 82 83 87 88 89 93 94 95 99 100 101 105 106 107 111 112 113 117 118 119 123 124 125 129 130 131 135 136 137 141 142 143 147 148 149 
c 2 1 127 3 4 5 9 10 11 15 16 17 21 22 23 27 28 29 33 34 35 39 40 41 45 46 47 51 52 53 57 58 59 63 64 65 69 70 71 75 76 77 81 82 83 87 88 89 93 94 95 99 100 101 105 106 107 111 112 113 117 118 119 123 124 125 129 130 131 135 136 137 141 142 143 147 148 149 
c 2 1 128 3 4 5 9 10 11 15 16 17 21 22 23 27 28 29 33 34 35 39 40 41 45 46 47 51 52 53 57 58 59 63 64 65 69 70 71 75 76 77 81 82 83 87 88 89 93 94 95 99 100 101 105 106 107 111 112 113 117 118 119 123 124 125 129 130 131 135 136 137 141 142 143 147 148 149 
c 2 1 129 3 4 5 9 10 11 15 16 17 21 22 23 27 28 29 33 34 35 39 40 41 45 46 47 51 52 53 57 58 59 63 64 65 69 70 71 75 76 77 81 82 83 87 88 89 93 94 95 99 100 101 105 106 107 111 112 113 117 118 119 123 124 125 129 130 131 135 136 137 141 142 143 147 148 149 
c 2 1 130 0 1 2 3 4 5 9 10 11 15 16 17 21 22 23 27 28 29 30 31 32 33 34 35 39 40 41 45 46 47 51 52 53 57 58 59 60 61 62 63 64 65 69 70 71 75 76 77 81 82 83 87 88 89 90 91 92 93 94 95 99 100 101 105 106 107 111 112 113 117 118 119 120 121 122 123 124 125 129 130 131 135 136 137 141 142 143 147 148 149 150 
c 2 1 131 0 1 2 3 4 5 9 10 11 15 16 17 21 22 23 27 28 29 30 31 32 33 34 35 39 40 41 45 46 47 51 52 53 57 58 59 60 61 62 63 64 65 69 70 71 75 76 77 81 82 83 87 88 89 90 91 92 93 94 95 99 100 101 105 106 107 111 112 113 117 118 119 120 121 122 123 124 125 129 130 131 135 136 137 141 142 143 147 148 149 150 
c 2 1 132 3 4 5 9 10 11 15 16 17 21 22 23 27 28 29 33 34 35 39 40 41 45 46 47 51 52 53 57 58 59 63 64 65 69 70 71 75 76 77 81 82 83 87 88 89 93 94 95 99 100 101 105 106 107 111 112 113 117 118 119 123 124 125 129 130 131 135 136 137 141 142 143 147 148 149 
c 2 1 133 3 4 5 9 10 11 15 16 17 21 22 23 27 28 29 33 34 35 39 40 41 45 46 47 51 52 53 57 58 59 63 64 65 69 70 71 75 76 77 81 82 83 87 88 89 93 94 95 99 100 101 105 106 107 111 112 113 117 118 119 123 124 125 129 130 131 135 136 137 141 142 143 147 148 149 
c 2 1 134 3 4 5 9 10 11 15 16 17 21 22 23 27 28 29 33 34 35 39 40 41 45 46 47 51 52 53 57 58 59 63 64 65 69 70 71 75 76 77 81 82 83 87 88 89 93 94 95 99 100 101 105 106 107 111 112 113 117 118 119 123 124 125 129 130 131 135 136 137 141 142 143 147 148 149 
c 2 1 135 3 4 5 9 10 11 15 16 17 21 22 23 27 28 29 33 34 35 39 40 41 45 46 47 51 52 53 57 58 59 63 64 65 69 70 71 75 76 77 81 82 83 87 88 89 93 94 95 99 100 101 105 106 107 111 112 113 117 118 119 123 124 125 129 130 131 135 136 137 141 142 143 147 148 149 
c 2 1 136 0 1 2 3 4 5 9 10 11 15 16 17 21 22 23 27 28 29 30 31 32 33 34 35 39 40 41 45 46 47 51 52 53 57 58 59 60 61 62 63 64 65 69 70 71 75 76 77 81 82 83 87 88 89 90 91 92 93 94 95 99 100 101 105 106 107 111 112 113 117 118 119 120 121 122 123 124 125 129 130 131 135 136 137 141 142 143 147 148 149 150 
c 2 1 137 0 1 2 3 4 5 9 10 11 15 16 17 21 22 23 27 28 29 30 31 32 33 34 35 39 40 41 45 46 47 51 52 53 57 58 59 60 61 62 63 64 65 69 70 71 75 76 77 81 82 83 87 88 89 90 91 92 93 94 95 99 100 101 105 106 107 111 112 113 117 118 119 120 121 122 123 124 125 129 130 131 135 136 137 141 142 143 147 148 149 150 
c 2 1 138 3 4 5 9 10 11 15 16 17 21 22 23 27 28 29 33 34 35 39 40 41 45 46 47 51 52 53 57 58 59 63 64 65 69 70 71 75 76 77 81 82 83 87 88 89 93 94 95 99 100 101 105 106 107 111 112 113 117 118 119 123 124 125 129 130 131 135 136 137 141 142 143 147 148 149 
c 2 1 139 3 4 5 9 10 11 15 16 17 21 22 23 27 28 29 33 34 35 39 40 41 45 46 47 51 52 53 57 58 59 63 64 65 69 70 71 75 76 77 81 82 83 87 88 89 93 94 95 99 100 101 105 106 107 111 112 113 117 118 119 123 124 125 129 130 131 135 136 137 141 142 143 147 148 149 
c 2 1 140 3 4 5 9 10 11 15 16 17 21 22 23 27 28 29 33 34 35 39 40 41 45 46 47 51 52 53 57 58 59 63 64 65 69 70 71 75 76 77 81 82 83 87 88 89 93 94 95 99 100 101 105 106 107 111 112 113 117 118 119 123 124 125 129 130 131 135 136 137 141 142 143 147 148 149 
c 2 1 141 3 4 5 9 10 11 15 16 17 21 22 23 27 28 29 33 34 35 39 40 41 45 46 47 51 52 53 57 58 59 63 64 65 69 70 71 75 76 77 81 82 83 87 88 89 93 94 95 99 100 101 105 106 107 111 112 113 117 118 119 123 124 125 129 130 131 135 136 137 141 142 143 147 148 149 
c 2 1 142 0 1 2 3 4 5 9 10 11 15 16 17 21 22 23 27 28 29 30 31 32 33 34 35 39 40 41 45 46 47 51 52 53 57 58 59 60 61 62 63 64 65 69 70 71 75 76 77 81 82 83 87 88 89 90 91 92 93 94 95 99 100 101 105 106 107 111 112 113 117 118 119 120 121 122 123 124 125 129 130 131 135 136 137 141 142 143 147 148 149 150 
c 2 1 143 0 1 2 3 4 5 9 10 11 15 16 17 21 22 23 27 28 29 30 31 32 33 34 35 39 40 41 45 46 47 51 52 53 57 58 59 60 61 62 63 64 65 69 70 71 75 76 77 81 82 83 87 88 89 90 91 92 93 94 95 99 100 101 105 106 107 111 112 113 117 118 119 120 121 122 123 124 125 129 130 131 135 136 137 141 142 143 147 148 149 150 
c 2 1 144 3 4 5 9 10 11 15 16 17 21 22 23 27 28 29 33 34 35 39 40 41 45 46 47 51 52 53 57 58 59 63 64 65 69 70 71 75 76 77 81 82 83 87 88 89 93 94 95 99 100 101 105 106 107 111 112 113 117 118 119 123 124 125 129 130 131 135 136 137 141 142 143 147 148 149 
c 2 1 145 3 4 5 9 10 11 15 16 17 21 22 23 27 28 29 33 34 35 39 40 41 45 46 47 51 52 53 57 58 59 63 64 65 69 70 71 75 76 77 81 82 83 87 88 89 93 94 95 99 100 101 105 106 107 111 112 113 117 118 119 123 124 125 129 130 131 135 136 137 141 142 143 147 148 149 
c 2 1 146 3 4 5 9 10 11 15 16 17 21 22 23 27 28 29 33 34 35 39 40 41 45 46 47 51 52 53 57 58 59 63 64 65 69 70 71 75 76 77 81 82 83 87 88 89 93 94 95 99 100 101 105 106 107 111 112 113 117 118 119 123 124 125 129 130 131 135 136 137 141 142 143 147 148 149 
c 2 1 147 3 4 5 9 10 11 15 16 17 21 22 23 27 28 29 33 34 35 39 40 41 45 46 47 51 52 53 57 58 59 63 64 65 69 70 71 75 76 77 81 82 83 87 88 89 93 94 95 99 100 101 105 106 107 111 112 113 117 118 119 123 124 125 129 130 131 135 136 137 141 142 143 147 148 149 
c 2 1 148 0 1 2 3 4 5 9 10 11 15 16 17 21 22 23 27 28 29 30 31 32 33 34 35 39 40 41 45 46 47 51 52 53 57 58 59 60 61 62 63 64 65 69 70 71 75 76 77 81 82 83 87 88 89 90 91 92 93 94 95 99 100 101 105 106 107 111 112 113 117 118 119 120 121 122 123 124 125 129 130 131 135 136 137 141 142 143 147 148 149 150 
c 2 1 149 0 1 2 3 4 5 9 10 11 15 16 17 21 22 23 27 28 29 30 31 32 33 34 35 39 40 41 45 46 47 51 52 53 57 58 59 60 61 62 63 64 65 69 70 71 75 76 77 81 82 83 87 88 89 90 91 92 93 94 95 99 100 101 105 106 107 111 112 113 117 118 119 120 121 122 123 124 125 129 130 131 135 136 137 141 142 143 147 148 149 150 
c 2 1 150 3 4 5 9 10 11 15 16 17 21 22 23 27 28 29 33 34 35 39 40 41 45 46 47 51 52 53 57 58 59 63 64 65 69 70 71 75 76 77 81 82 83 87 88 89 93 94 95 99 100 101 105 106 107 111 112 113 117 118 119 123 124 125 129 130 131 135 136 137 141 142 143 147 148 149 
c 3 2 0 
c 3 2 1 
c 3 2 2 
c 3 2 3 
c 3 2 4 
c 3 2 5 
c 3 2 6 
c 3 2 7 
c 3 2 8 
c 3 2 9 
c 3 2 10 
c 3 2 11 
c 3 2 12 
c 3 2 13 
c 3 2 14 
c 3 2 15 
c 3 2 16 
c 3 2 17 
c 3 2 18 
c 3 2 19 
c 3 2 20 
c 3 2 21 
c 3 2 22 
c 3 2 23 
c 3 2 24 
c 3 2 25 
c 3 2 26 
c 3 2 27 
c 3 2 28 
c 3 2 29 
c 3 2 30 
c 3 2 31 
c 3 2 32 
c 3 2 33 
c 3 2 34 
c 3 2 35 
c 3 2 36 
c 3 2 37 
c 3 2 38 
c 3 2 39 
c 3 2 40 
c 3 2 41 
c 3 2 42 
c 3 2 43 
c 3 2 44 
c 3 2 45 
c 3 2 46 
c 3 2 47 
c 3 2 48 
c 3 2 49 
c 3 2 50 
c 3 2 51 
c 3 2 52 
c 3 2 53 
c 3 2 54 
c 3 2 55 
c 3 2 56 
c 3 2 57 
c 3 2 58 
c 3 2 59 
c 3 2 60 
c 3 2 61 
c 3 2 62 
c 3 2 63 
c 3 2 64 
c 3 2 65 
c 3 2 66 
c 3 2 67 
c 3 2 68 
c 3 2 69 
c 3 2 70 
c 3 2 71 
c 3 2 72 
c 3 2 73 
c 3 2 74 
c 3 2 75 
c 3 2 76 
c 3 2 77 
c 3 2 78 
c 3 2 79 
c 3 2 80 
c 3 2 81 
c 3 2 82 
c 3 2 83 
c 3 2 84 
c 3 2 85 
c 3 2 86 
c 3 2 87 
c 3 2 88 
c 3 2 89 
c 3 2 90 
c 3 2 91 
c 3 2 92 
c 3 2 93 
c 3 2 94 
c 3 2 95 
c 3 2 96 
c 3 2 97 
c 3 2 98 
c 3 2 99 
c 3 2 100 
c 3 2 101 
c 3 2 102 
c 3 2 103 
c 3 2 104 
c 3 2 105 
c 3 2 106 
c 3 2 107 
c 3 2 108 
c 3 2 109 
c 3 2 110 
c 3 2 111 
c 3 2 112 
c 3 2 113 
c 3 2 114 
c 3 2 115 
c 3 2 116 
c 3 2 117 
c 3 2 118 
c 3 2 119 
c 3 2 120 
c 3 2 121 
c 3 2 122 
c 3 2 123 
c 3 2 124 
c 3 2 125 
c 3 2 126 
c 3 2 127 
c 3 2 128 
c 3 2 129 
c 3 2 130 
c 3 2 131 
c 3 2 132 
c 3 2 133 
c 3 2 134 
c 3 2 135 
c 3 2 136 
c 3 2 137 
c 3 2 138 
c 3 2 139 
c 3 2 140 
c 3 2 141 
c 3 2 142 
c 3 2 143 
c 3 2 144 
c 3 2 145 
c 3 2 146 
c 3 2 147 
c 3 2 148 
c 3 2 149 
c 3 2 150 
c 3 0 0 
c 3 0 1 
c 3 0 2 
c 3 0 3 
c 3 0 4 
c 3 0 5 
c 3 0 6 
c 3 0 7 
c 3 0 8 
c 3 0 9 
c 3 0 10 
c 3 0 11 
c 3 0 12 
c 3 0 13 
c 3 0 14 
c 3 0 15 
c 3 0 16 
c 3 0 17 
c 3 0 18 
c 3 0 19 
c 3 0 20 
c 3 0 21 
c 3 0 22 
c 3 0 23 
c 3 0 24 
c 3 0 25 
c 3 0 26 
c 3 0 27 
c 3 0 28 
c 3 0 29 
c 3 0 30 
c 3 0 31 
c 3 0 32 
c 3 0 33 
c 3 0 34 
c 3 0 35 
c 3 0 36 
c 3 0 37 
c 3 0 38 
c 3 0 39 
c 3 0 40 
c 3 0 41 
c 3 0 42 
c 3 0 43 
c 3 0 44 
c 3 0 45 
c 3 0 46 
c 3 0 47 
c 3 0 48 
c 3 0 49 
c 3 0 50 
c 3 0 51 
c 3 0 52 
c 3 0 53 
c 3 0 54 
c 3 0 55 
c 3 0 56 
c 3 0 57 
c 3 0 58 
c 3 0 59 
c 3 0 60 
c 3 0 61 
c 3 0 62 
c 3 0 63 
c 3 0 64 
c 3 0 65 
c 3 0 66 
c 3 0 67 
c 3 0 68 
c 3 0 69 
c 3 0 70 
c 3 0 71 
c 3 0 72 
c 3 0 73 
c 3 0 74 
c 3 0 75 
c 3 0 76 
c 3 0 77 
c 3 0 78 
c 3 0 79 
c 3 0 80 
c 3 0 81 
c 3 0 82 
c 3 0 83 
c 3 0 84 
c 3 0 85 
c 3 0 86 
c 3 0 87 
c 3 0 88 
c 3 0 89 
c 3 0 90 
c 3 0 91 
c 3 0 92 
c 3 0 93 
c 3 0 94 
c 3 0 95 
c 3 0 96 
c 3 0 97 
c 3 0 98 
c 3 0 99 
c 3 0 100 
c 3 0 101 
c 3 0 102 
c 3 0 103 
c 3 0 104 
c 3 0 105 
c 3 0 106 
c 3 0 107 
c 3 0 108 
c 3 0 109 
c 3 0 110 
c 3 0 111 
c 3 0 112 
c 3 0 113 
c 3 0 114 
c 3 0 115 
c 3 0 116 
c 3 0 117 
c 3 0 118 
c 3 0 119 
c 3 0 120 
c 3 0 121 
c 3 0 122 
c 3 0 123 
c 3 0 124 
c 3 0 125 
c 3 0 126 
c 3 0 127 
c 3 0 128 
c 3 0 129 
c 3 0 130 
c 3 0 131 
c 3 0 132 
c 3 0 133 
c 3 0 134 
c 3 0 135 
c 3 0 136 
c 3 0 137 
c 3 0 138 
c 3 0 139 
c 3 0 140 
c 3 0 141 
c 3 0 142 
c 3 0 143 
c 3 0 144 
c 3 0 145 
c 3 0 146 
c 3 0 147 
c 3 0 148 
c 3 0 149 
c 3 0 150 
m 0 26 0 1 0
m 1 21 0 1 1
m 2 18 0 1 2
m 3 18 0 1 4
m 4 21 0 1 5
m 5 26 0 1 6
m 6 29 0 2 0
m 7 24 0 2 1
m 8 21 0 2 2
m 9 21 0 2 4
m 10 24 0 2 5
m 11 29 0 2 6
m 12 34 0 3 0
m 13 29 0 3 1
m 14 26 0 3 2
m 15 26 0 3 4
m 16 29 0 3 5
m 17 34 0 3 6
m 18 41 0 4 0
m 19 36 0 4 1
m 20 33 0 4 2
m 21 33 0 4 4
m 22 36 0 4 5
m 23 41 0 4 6
m 24 50 0 5 0
m 25 45 0 5 1
m 26 42 0 5 2
m 27 42 0 5 4
m 28 45 0 5 5
m 29 50 0 5 6
m 30 19 1 1 0
m 31 14 1 1 1
m 32 11 1 1 2
m 33 11 1 1 4
m 34 14 1 1 5
m 35 19 1 1 6
m 36 22 1 2 0
m 37 17 1 2 1
m 38 14 1 2 2
m 39 14 1 2 4
m 40 17 1 2 5
m 41 22 1 2 6
m 42 27 1 3 0
m 43 22 1 3 1
m 44 19 1 3 2
m 45 19 1 3 4
m 46 22 1 3 5
m 47 27 1 3 6
m 48 34 1 4 0
m 49 29 1 4 1
m 50 26 1 4 2
m 51 26 1 4 4
m 52 29 1 4 5
m 53 34 1 4 6
m 54 43 1 5 0
m 55 38 1 5 1
m 56 35 1 5 2
m 57 35 1 5 4
m 58 38 1 5 5
m 59 43 1 5 6
m 60 14 2 1 0
m 61 9 2 1 1
m 62 6 2 1 2
m 63 6 2 1 4
m 64 9 2 1 5
m 65 14 2 1 6
m 66 17 2 2 0
m 67 12 2 2 1
m 68 9 2 2 2
m 69 9 2 2 4
m 70 12 2 2 5
m 71 17 2 2 6
m 72 22 2 3 0
m 73 17 2 3 1
m 74 14 2 3 2
m 75 14 2 3 4
m 76 17 2 3 5
m 77 22 2 3 6
m 78 29 2 4 0
m 79 24 2 4 1
m 80 21 2 4 2
m 81 21 2 4 4
m 82 24 2 4 5
m 83 29 2 4 6
m 84 38 2 5 0
m 85 33 2 5 1
m 86 30 2 5 2
m 87 30 2 5 4
m 88 33 2 5 5
m 89 38 2 5 6
m 90 11 3 1 0
m 91 6 3 1 1
m 92 3 3 1 2
m 93 3 3 1 4
m 94 6 3 1 5
m 95 11 3 1 6
m 96 14 3 2 0
m 97 9 3 2 1
m 98 6 3 2 2
m 99 6 3 2 4
m 100 9 3 2 5
m 101 14 3 2 6
m 102 19 3 3 0
m 103 14 3 3 1
m 104 11 3 3 2
m 105 11 3 3 4
m 106 14 3 3 5
m 107 19 3 3 6
m 108 26 3 4 0
m 109 21 3 4 1
m 110 18 3 4 2
m 111 18 3 4 4
m 112 21 3 4 5
m 113 26 3 4 6
m 114 35 3 5 0
m 115 30 3 5 1
m 116 27 3 5 2
m 117 27 3 5 4
m 118 30 3 5 5
m 119 35 3 5 6
m 120 10 4 1 0
m 121 5 4 1 1
m 122 2 4 1 2
m 123 2 4 1 4
m 124 5 4 1 5
m 125 10 4 1 6
m 126 13 4 2 0
m 127 8 4 2 1
m 128 5 4 2 2
m 129 5 4 2 4
m 130 8 4 2 5
m 131 13 4 2 6
m 132 18 4 3 0
m 133 13 4 3 1
m 134 10 4 3 2
m 135 10 4 3 4
m 136 13 4 3 5
m 137 18 4 3 6
m 138 25 4 4 0
m 139 20 4 4 1
m 140 17 4 4 2
m 141 17 4 4 4
m 142 20 4 4 5
m 143 25 4 4 6
m 144 34 4 5 0
m 145 29 4 5 1
m 146 26 4 5 2
m 147 26 4 5 4
m 148 29 4 5 5
m 149 34 4 5 6
m 150 0 4 0 3
