d 5 151 5 6 7
c 2 0 0 0 1 2 3 4 5 6 7 8 9 10 11 12 13 14 15 16 17 18 19 20 21 22 25 26 27 30 31 32 33 34 35 36 37 38 39 40 41 42 43 44 45 46 49 50 51 52 56 57 60 61 62 63 64 65 66 67 68 69 70 71 72 73 74 75 76 77 80 81 82 86 87 90 91 92 93 94 95 96 97 98 99 100 101 103 104 105 106 110 111 117 120 121 122 123 124 125 126 127 128 129 130 131 133 134 135 136 140 141 146 147 150 
c 2 0 1 0 1 2 3 4 5 6 7 8 9 10 11 12 13 14 15 16 18 19 20 21 22 25 26 27 30 31 32 33 34 35 36 37 38 39 40 41 42 43 44 45 46 49 50 51 56 57 60 61 62 63 64 65 66 67 68 69 70 71 72 73 74 75 76 79 80 81 86 87 90 91 92 93 94 95 96 97 98 99 100 101 102 103 104 105 110 111 116 120 121 122 123 124 125 126 127 128 129 130 133 134 135 140 141 146 147 150 
c 2 0 2 0 1 2 3 4 5 6 7 8 9 10 11 12 13 14 15 16 18 19 20 21 24 25 26 27 30 31 32 33 34 35 36 37 38 39 40 41 42 43 44 45 48 49 50 51 56 57 60 61 62 63 64 65 66 67 68 69 70 72 73 74 75 76 79 80 81 86 90 91 92 93 94 95 96 97 98 99 100 102 103 104 105 110 111 116 120 121 122 123 124 125 126 127 128 129 130 132 133 134 135 140 141 146 147 150 
c 2 0 3 0 1 2 3 4 5 6 7 8 9 10 12 13 14 15 18 19 20 21 24 25 26 30 31 32 33 34 35 36 37 38 39 40 42 43 44 45 48 49 50 55 56 60 61 62 63 64 65 66 67 68 69 72 73 74 75 78 79 80 86 90 91 92 93 94 95 96 97 98 99 102 103 104 105 109 110 116 120 121 122 123 124 125 126 127 128 129 132 133 134 135 139 140 146 150 
c 2 0 4 0 1 2 3 4 5 6 7 8 9 10 12 13 14 15 18 19 20 24 25 26 30 31 32 33 34 35 36 37 38 39 40 42 43 44 45 48 49 50 54 55 56 60 61 62 63 64 65 66 67 68 69 72 73 74 75 78 79 80 85 86 90 91 92 93 94 95 96 97 98 99 102 103 104 109 110 116 120 121 122 123 124 125 126 127 128 129 132 133 134 139 140 146 150 
c 2 0 5 0 1 2 3 4 5 6 7 8 9 10 12 13 14 15 18 19 20 21 24 25 26 30 31 32 33 34 35 36 37 38 39 40 42 43 44 45 48 49 50 54 55 56 60 61 62 63 64 65 66 67 68 69 72 73 74 75 78 79 80 85 86 90 91 92 93 94 95 96 97 98 99 102 103 104 109 110 116 120 121 122 123 124 125 126 127 128 129 132 133 134 139 140 146 150 
c 2 0 6 0 1 2 3 4 5 7 8 9 10 11 15 16 17 21 22 23 27 28 30 31 32 33 34 35 38 39 40 41 45 46 47 51 52 57 58 60 61 62 63 64 65 69 70 71 75 76 77 81 82 87 90 91 92 93 94 95 99 100 101 105 106 107 111 112 117 120 121 122 123 124 125 129 130 131 135 136 137 141 142 147 148 150 
c 2 0 7 0 1 2 3 4 5 6 7 8 9 10 11 12 13 14 15 16 17 20 21 22 26 27 30 31 32 33 34 35 36 37 38 39 40 41 43 44 45 46 47 50 51 52 57 60 61 62 63 64 65 66 67 68 69 70 71 73 74 75 76 77 80 81 82 87 90 91 92 93 94 95 96 97 98 99 100 101 104 105 106 111 117 120 121 122 123 124 125 127 128 129 130 131 134 135 136 141 147 150 
c 2 0 8 0 1 2 3 4 5 6 7 8 9 10 11 12 13 14 15 16 18 19 20 21 25 26 27 30 31 32 33 34 35 36 37 38 39 40 41 42 43 44 45 46 49 50 51 56 57 60 61 62 63 64 65 66 67 68 69 70 71 72 73 74 75 76 80 81 86 87 90 91 92 93 94 95 96 97 98 99 100 103 104 105 110 111 120 121 122 123 124 125 126 127 128 129 130 133 134 135 140 141 146 147 150 
c 2 0 9 0 1 2 3 4 5 6 7 8 9 12 13 14 15 18 19 20 24 25 26 30 31 32 33 34 35 36 37 38 39 42 43 44 45 48 49 50 54 55 56 60 61 62 63 64 65 66 67 68 69 72 73 74 75 78 79 80 85 86 90 91 92 93 94 95 96 97 98 99 102 103 104 109 110 116 120 121 122 123 124 125 126 127 128 129 132 133 134 139 140 146 150 
c 2 0 10 0 1 2 3 4 5 6 7 8 9 12 13 14 15 18 19 20 24 25 26 30 31 32 33 34 35 36 37 38 39 42 43 44 48 49 50 54 55 56 60 61 62 63 64 65 66 67 68 69 72 73 74 78 79 80 84 85 86 90 91 92 93 94 96 97 98 99 102 103 104 108 109 110 116 120 121 122 123 124 126 127 128 129 132 133 134 139 140 146 150 
c 2 0 11 0 1 2 3 4 6 7 8 9 12 13 14 18 19 20 24 25 26 30 31 32 33 34 36 37 38 39 42 43 44 48 49 50 54 55 56 60 61 62 63 64 66 67 68 72 73 74 78 79 80 84 85 86 90 91 92 93 96 97 98 102 103 104 108 109 110 115 116 120 121 122 123 126 127 128 132 133 134 138 139 140 146 150 
c 2 0 12 4 5 9 10 11 15 16 17 21 22 23 27 28 34 35 39 40 41 45 46 47 51 52 53 57 58 63 64 65 69 70 71 75 76 77 81 82 83 87 88 93 94 95 99 100 101 105 106 107 111 112 117 118 123 124 125 129 130 131 135 136 137 141 142 143 147 148 149 
c 2 0 13 0 1 2 3 4 5 8 9 10 11 15 16 17 21 22 23 27 28 30 31 32 33 34 35 38 39 40 41 45 46 47 51 52 57 58 60 61 62 63 64 65 68 69 70 71 75 76 77 81 82 87 90 91 92 93 94 95 98 99 100 101 105 106 111 117 121 122 123 124 125 129 130 131 135 136 141 142 147 148 150 
c 2 0 14 0 1 2 3 4 5 6 7 8 9 10 11 12 13 14 15 16 17 18 19 20 21 22 26 27 30 31 32 33 34 35 36 37 38 39 40 41 42 43 44 45 46 50 51 56 57 60 61 62 63 64 65 66 67 68 69 70 71 72 73 74 75 76 80 81 86 87 90 91 92 93 94 95 96 97 98 99 100 101 103 104 105 106 110 111 117 120 121 122 123 124 125 126 127 128 129 130 131 134 135 136 140 141 146 147 150 
c 2 0 15 0 1 2 3 4 5 6 7 8 9 12 13 14 15 18 19 20 24 25 26 30 31 32 33 34 35 36 37 38 39 42 43 44 48 49 50 54 55 56 60 61 62 63 64 65 66 67 68 69 72 73 74 78 79 80 85 86 90 91 92 93 94 95 96 97 98 99 102 103 104 108 109 110 116 120 121 122 123 124 126 127 128 129 132 133 134 139 140 146 150 
c 2 0 16 0 1 2 3 6 7 8 12 13 14 18 19 20 24 25 26 30 31 32 33 36 37 38 42 43 44 48 49 50 54 55 56 60 61 62 63 66 67 68 72 73 74 78 79 80 84 85 86 90 91 92 96 97 98 102 103 104 108 109 110 115 116 120 121 122 126 127 128 132 133 134 138 139 140 145 146 150 
c 2 0 17 0 1 2 3 6 7 8 12 13 14 18 19 20 24 25 26 30 31 32 33 36 37 38 42 43 44 48 49 50 54 55 56 60 61 62 66 67 68 72 73 74 78 79 80 84 85 86 90 91 92 96 97 98 102 103 104 108 109 110 114 115 116 120 121 122 126 127 128 132 133 134 138 139 140 146 150 
c 2 0 18 11 16 17 22 23 27 28 29 41 46 47 52 53 57 58 59 65 70 71 76 77 81 82 83 87 88 89 95 100 101 106 107 111 112 113 117 118 119 125 130 131 136 137 142 143 148 149 
c 2 0 19 3 4 5 9 10 11 15 16 17 21 22 23 27 28 33 34 35 39 40 41 45 46 47 51 52 53 57 58 63 64 65 69 70 71 75 76 77 81 82 83 87 88 93 94 95 99 100 101 105 106 107 111 112 117 118 123 124 125 129 130 131 135 136 137 141 142 143 147 148 149 
c 2 0 20 0 1 2 3 4 5 6 7 8 9 10 11 12 13 14 15 16 17 20 21 22 26 27 30 31 32 33 34 35 36 37 38 39 40 41 43 44 45 46 47 50 51 52 57 60 61 62 63 64 65 66 67 68 69 70 71 73 74 75 76 77 80 81 82 87 90 91 92 93 94 95 96 97 98 99 100 101 104 105 106 111 117 120 121 122 123 124 125 127 128 129 130 131 134 135 136 141 142 147 148 150 
c 2 0 21 0 1 2 3 4 6 7 8 9 12 13 14 18 19 20 24 25 26 30 31 32 33 34 36 37 38 39 42 43 44 48 49 50 54 55 56 60 61 62 63 64 66 67 68 72 73 74 78 79 80 84 85 86 90 91 92 93 94 96 97 98 102 103 104 108 109 110 115 116 120 121 122 123 126 127 128 132 133 134 138 139 140 145 146 150 
c 2 0 22 0 1 2 6 7 8 12 13 14 18 19 20 24 25 26 30 31 32 36 37 38 42 43 44 48 49 50 54 55 56 60 61 62 66 67 68 72 73 74 78 79 80 84 85 86 90 91 92 96 97 98 102 103 104 108 109 110 114 115 116 120 121 122 126 127 128 132 133 134 138 139 140 145 146 
c 2 0 23 0 1 6 7 8 12 13 14 18 19 20 24 25 26 30 31 36 37 38 42 43 44 48 49 50 54 55 56 60 61 62 66 67 68 72 73 74 78 79 80 84 85 86 90 91 92 96 97 98 102 103 104 108 109 110 114 115 116 120 121 122 126 127 128 132 133 134 138 139 140 144 145 146 
c 2 0 24 17 23 28 29 47 53 58 59 77 82 83 88 89 107 112 113 118 119 131 137 143 149 
c 2 0 25 10 11 16 17 21 22 23 27 28 29 40 41 46 47 51 52 53 57 58 59 65 70 71 75 76 77 81 82 83 87 88 95 100 101 105 106 107 111 112 117 118 124 125 130 131 135 136 137 141 142 143 147 148 149 
c 2 0 26 0 1 2 3 4 5 6 8 9 10 11 14 15 16 17 21 22 27 28 30 31 32 33 34 35 38 39 40 41 45 46 47 51 52 57 60 61 62 63 64 65 68 69 70 71 75 76 77 81 82 87 90 91 92 93 94 95 98 99 100 101 105 106 111 117 120 121 122 123 124 125 128 129 130 131 135 136 141 142 147 148 150 
c 2 0 27 0 1 2 6 7 8 12 13 14 18 19 20 24 25 26 30 31 32 36 37 38 42 43 44 48 49 50 54 55 56 60 61 62 66 67 68 72 73 74 78 79 80 84 85 86 90 91 92 96 97 98 102 103 104 108 109 110 115 116 120 121 122 126 127 128 132 133 134 138 139 140 145 146 
c 2 0 28 6 7 12 13 18 19 20 24 25 26 36 37 42 43 48 49 50 54 55 56 60 66 67 72 73 74 78 79 80 84 85 86 90 96 97 102 103 104 108 109 110 114 115 116 120 121 126 127 128 132 133 134 138 139 140 144 145 146 
c 2 0 29 12 18 19 24 25 26 42 48 49 54 55 56 66 72 73 78 79 80 84 85 86 96 102 103 108 109 110 114 115 116 126 127 132 133 134 138 139 140 144 145 146 
c 2 0 30 0 1 2 3 4 5 6 7 8 9 10 11 12 13 14 15 16 17 18 19 20 21 22 26 27 28 30 31 32 33 34 35 36 37 38 39 40 41 42 43 44 45 46 47 49 50 51 52 56 57 60 61 62 63 64 65 66 67 68 69 70 71 72 73 74 75 76 77 80 81 82 86 87 90 91 92 93 94 95 96 97 98 99 100 101 103 104 105 106 110 111 117 120 121 122 123 124 125 126 127 128 129 130 131 133 134 135 136 140 141 142 146 147 148 150 
c 2 0 31 0 1 2 3 4 5 6 7 8 9 10 11 12 13 14 15 16 17 18 19 20 21 22 25 26 27 30 31 32 33 34 35 36 37 38 39 40 41 42 43 44 45 46 49 50 51 56 57 60 61 62 63 64 65 66 67 68 69 70 71 72 73 74 75 76 79 80 81 86 87 90 91 92 93 94 95 96 97 98 99 100 101 102 103 104 105 106 110 111 117 120 121 122 123 124 125 126 127 128 129 130 131 133 134 135 136 140 141 146 147 150 
c 2 0 32 0 1 2 3 4 5 6 7 8 9 10 11 12 13 14 15 16 18 19 20 21 24 25 26 27 30 31 32 33 34 35 36 37 38 39 40 41 42 43 44 45 46 48 49 50 51 56 57 60 61 62 63 64 65 66 67 68 69 70 72 73 74 75 76 79 80 81 86 90 91 92 93 94 95 96 97 98 99 100 102 103 104 105 110 111 116 120 121 122 123 124 125 126 127 128 129 130 132 133 134 135 140 141 146 147 150 
c 2 0 33 0 1 2 3 4 5 6 7 8 9 10 12 13 14 15 18 19 20 21 24 25 26 30 31 32 33 34 35 36 37 38 39 40 42 43 44 45 48 49 50 55 56 60 61 62 63 64 65 66 67 68 69 72 73 74 75 78 79 80 86 90 91 92 93 94 95 96 97 98 99 102 103 104 105 109 110 116 120 121 122 123 124 125 126 127 128 129 132 133 134 135 139 140 146 150 
c 2 0 34 0 1 2 3 4 5 6 7 8 9 10 12 13 14 15 18 19 20 24 25 26 30 31 32 33 34 35 36 37 38 39 40 42 43 44 45 48 49 50 54 55 56 60 61 62 63 64 65 66 67 68 69 72 73 74 75 78 79 80 85 86 90 91 92 93 94 95 96 97 98 99 102 103 104 109 110 116 120 121 122 123 124 125 126 127 128 129 132 133 134 139 140 146 150 
c 2 0 35 0 1 2 3 4 5 6 7 8 9 10 12 13 14 15 18 19 20 21 24 25 26 30 31 32 33 34 35 36 37 38 39 40 42 43 44 45 48 49 50 54 55 56 60 61 62 63 64 65 66 67 68 69 72 73 74 75 78 79 80 84 85 86 90 91 92 93 94 95 96 97 98 99 102 103 104 108 109 110 116 120 121 122 123 124 125 126 127 128 129 132 133 134 139 140 146 150 
c 2 0 36 0 1 2 3 4 5 9 10 11 15 16 17 21 22 23 27 28 30 31 32 33 34 35 39 40 41 45 46 47 51 52 57 58 60 61 62 63 64 65 69 70 71 75 76 77 81 82 87 88 92 93 94 95 99 100 101 105 106 107 111 112 117 118 122 123 124 125 129 130 131 135 136 137 141 142 143 147 148 149 150 
c 2 0 37 0 1 2 3 4 5 6 7 8 9 10 11 12 13 14 15 16 17 20 21 22 26 27 30 31 32 33 34 35 36 37 38 39 40 41 43 44 45 46 47 50 51 52 57 60 61 62 63 64 65 66 67 68 69 70 71 73 74 75 76 77 80 81 82 87 90 91 92 93 94 95 96 97 98 99 100 101 104 105 106 111 117 120 121 122 123 124 125 127 128 129 130 131 134 135 136 141 142 147 148 150 
c 2 0 38 0 1 2 3 4 5 6 7 8 9 10 11 12 13 14 15 16 18 19 20 21 22 26 27 30 31 32 33 34 35 36 37 38 39 40 41 42 43 44 45 46 49 50 51 56 57 60 61 62 63 64 65 66 67 68 69 70 71 72 73 74 75 76 80 81 86 87 90 91 92 93 94 95 96 97 98 99 100 101 103 104 105 110 111 120 121 122 123 124 125 126 127 128 129 130 133 134 135 140 141 146 147 150 
c 2 0 39 0 1 2 3 4 5 6 7 8 9 12 13 14 15 18 19 20 24 25 26 30 31 32 33 34 35 36 37 38 39 42 43 44 45 48 49 50 54 55 56 60 61 62 63 64 65 66 67 68 69 72 73 74 75 78 79 80 85 86 90 91 92 93 94 95 96 97 98 99 102 103 104 109 110 116 120 121 122 123 124 125 126 127 128 129 132 133 134 139 140 146 150 
c 2 0 40 0 1 2 3 4 5 6 7 8 9 12 13 14 15 18 19 20 24 25 26 30 31 32 33 34 35 36 37 38 39 42 43 44 48 49 50 54 55 56 60 61 62 63 64 66 67 68 69 72 73 74 78 79 80 84 85 86 90 91 92 93 94 96 97 98 99 102 103 104 108 109 110 115 116 120 121 122 123 124 126 127 128 132 133 134 138 139 140 146 150 
c 2 0 41 0 1 2 3 6 7 8 12 13 14 18 19 20 24 25 26 30 31 32 33 36 37 38 42 43 44 48 49 50 54 55 56 60 61 62 63 66 67 68 72 73 74 78 79 80 84 85 86 90 91 92 93 96 97 98 102 103 104 108 109 110 115 116 120 121 122 123 126 127 128 132 133 134 138 139 140 146 150 
c 2 0 42 4 5 10 11 15 16 17 21 22 23 27 28 29 34 35 40 41 45 46 47 51 52 53 57 58 59 64 65 69 70 71 75 76 77 81 82 83 87 88 94 95 99 100 101 105 106 107 111 112 113 117 118 119 124 125 129 130 131 135 136 137 141 142 143 147 148 149 
c 2 0 43 0 1 2 3 4 5 8 9 10 11 15 16 17 21 22 23 27 28 30 31 32 33 34 35 38 39 40 41 45 46 47 51 52 57 58 61 62 63 64 65 69 70 71 75 76 77 81 82 87 88 91 92 93 94 95 99 100 101 105 106 107 111 112 117 118 121 122 123 124 125 129 130 131 135 136 137 141 142 143 147 148 149 150 
c 2 0 44 0 1 2 3 4 5 6 7 8 9 10 11 12 13 14 15 16 17 18 19 20 21 22 26 27 30 31 32 33 34 35 36 37 38 39 40 41 42 43 44 45 46 50 51 56 57 60 61 62 63 64 65 66 67 68 69 70 71 73 74 75 76 80 81 86 87 90 91 92 93 94 95 96 97 98 99 100 101 104 105 106 110 111 117 120 121 122 123 124 125 126 127 128 129 130 131 134 135 136 140 141 146 147 150 
c 2 0 45 0 1 2 3 4 5 6 7 8 9 12 13 14 15 18 19 20 24 25 26 30 31 32 33 34 35 36 37 38 39 42 43 44 48 49 50 54 55 56 60 61 62 63 64 65 66 67 68 69 72 73 74 78 79 80 84 85 86 90 91 92 93 94 96 97 98 99 102 103 104 108 109 110 115 116 120 121 122 123 124 126 127 128 132 133 134 139 140 146 150 
c 2 0 46 0 1 2 6 7 8 12 13 14 18 19 20 24 25 26 30 31 32 36 37 38 42 43 44 48 49 50 54 55 56 60 61 62 66 67 68 72 73 74 78 79 80 84 85 86 90 91 92 96 97 98 102 103 104 108 109 110 114 115 116 120 121 122 126 127 128 132 133 134 138 139 140 145 146 
c 2 0 47 0 1 2 6 7 8 12 13 14 18 19 20 24 25 26 30 31 32 36 37 38 42 43 44 48 49 50 54 55 56 60 61 62 66 67 68 72 73 74 78 79 80 84 85 86 90 91 92 96 97 98 102 103 104 108 109 110 114 115 116 120 121 122 126 127 128 132 133 134 138 139 140 145 146 
c 2 0 48 11 16 17 22 23 28 29 41 46 47 52 53 57 58 59 71 76 77 81 82 83 87 88 89 101 106 107 111 112 113 117 118 119 125 130 131 136 137 142 143 148 149 
c 2 0 49 4 5 9 10 11 15 16 17 21 22 23 27 28 29 34 35 39 40 41 45 46 47 51 52 53 57 58 63 64 65 69 70 71 75 76 77 81 82 83 87 88 93 94 95 99 100 101 105 106 107 111 112 117 118 123 124 125 129 130 131 135 136 137 141 142 143 147 148 149 
c 2 0 50 0 1 2 3 4 5 6 7 8 9 10 11 12 13 14 15 16 17 20 21 22 27 28 30 31 32 33 34 35 36 37 38 39 40 41 43 44 45 46 47 50 51 52 57 60 61 62 63 64 65 66 67 68 69 70 71 73 74 75 76 77 80 81 82 87 90 91 92 93 94 95 96 97 98 99 100 101 104 105 106 111 117 120 121 122 123 124 125 127 128 129 130 131 135 136 141 142 147 148 150 
c 2 0 51 0 1 2 3 6 7 8 12 13 14 18 19 20 24 25 26 30 31 32 33 36 37 38 42 43 44 48 49 50 54 55 56 60 61 62 63 66 67 68 72 73 74 78 79 80 84 85 86 90 91 92 96 97 98 102 103 104 108 109 110 115 116 120 121 122 126 127 128 132 133 134 138 139 140 145 146 150 
c 2 0 52 6 7 12 13 14 18 19 20 24 25 26 36 37 38 42 43 44 48 49 50 54 55 56 60 61 66 67 68 72 73 74 78 79 80 84 85 86 90 91 96 97 98 102 103 104 108 109 110 114 115 116 120 121 126 127 128 132 133 134 138 139 140 145 146 
c 2 0 53 6 12 13 18 19 20 24 25 26 36 42 43 48 49 50 54 55 56 66 67 72 73 74 78 79 80 84 85 86 96 97 102 103 104 108 109 110 114 115 116 120 126 127 128 132 133 134 138 139 140 144 145 146 
c 2 0 54 23 29 53 58 59 77 82 83 88 89 107 113 119 
c 2 0 55 11 16 17 22 23 27 28 29 41 46 47 52 53 57 58 59 65 70 71 76 77 81 82 83 87 88 95 100 101 106 107 111 112 113 117 118 119 125 130 131 136 137 142 143 148 149 
c 2 0 56 0 1 2 3 4 5 8 9 10 11 15 16 17 21 22 23 27 28 30 31 32 33 34 35 38 39 40 41 45 46 47 51 52 57 58 60 61 62 63 64 65 68 69 70 71 75 76 77 81 82 87 90 91 92 93 94 95 98 99 100 101 105 106 107 111 112 117 121 122 123 124 125 129 130 131 135 136 137 141 142 147 148 150 
c 2 0 57 0 1 6 7 8 12 13 14 18 19 20 24 25 26 30 31 36 37 38 42 43 44 48 49 50 54 55 56 60 61 62 66 67 68 72 73 74 78 79 80 84 85 86 90 91 92 96 97 98 102 103 104 108 109 110 114 115 116 120 121 122 126 127 128 132 133 134 138 139 140 145 146 
c 2 0 58 12 18 19 24 25 26 42 43 48 49 50 54 55 56 66 72 73 78 79 80 84 85 86 96 102 103 108 109 110 114 115 116 126 127 132 133 134 138 139 140 144 145 146 
c 2 0 59 24 25 48 49 54 55 72 78 79 84 85 102 103 108 109 114 115 116 126 132 133 138 139 140 144 145 146 
c 2 0 60 0 1 2 3 4 5 6 7 8 9 10 11 12 13 14 15 16 17 20 21 22 26 27 30 31 32 33 34 35 36 37 38 39 40 41 42 43 44 45 46 47 50 51 52 56 57 60 61 62 63 64 65 66 67 68 69 70 71 73 74 75 76 77 80 81 82 87 90 91 92 93 94 95 96 97 98 99 100 101 104 105 106 110 111 117 120 121 122 123 124 125 127 128 129 130 131 134 135 136 141 147 150 
c 2 0 61 0 1 2 3 4 5 6 7 8 9 10 11 12 13 14 15 16 17 18 19 20 21 22 26 27 30 31 32 33 34 35 36 37 38 39 40 41 42 43 44 45 46 49 50 51 56 57 60 61 62 63 64 65 66 67 68 69 70 71 72 73 74 75 76 80 81 86 87 90 91 92 93 94 95 96 97 98 99 100 101 103 104 105 106 110 111 117 120 121 122 123 124 125 126 127 128 129 130 131 133 134 135 136 140 141 146 147 150 
c 2 0 62 0 1 2 3 4 5 6 7 8 9 10 11 12 13 14 15 16 18 19 20 21 25 26 27 30 31 32 33 34 35 36 37 38 39 40 41 42 43 44 45 46 49 50 51 56 57 60 61 62 63 64 65 66 67 68 69 70 72 73 74 75 76 79 80 81 86 90 91 92 93 94 95 96 97 98 99 100 102 103 104 105 110 111 116 120 121 122 123 124 125 126 127 128 129 130 133 134 135 140 141 146 147 150 
c 2 0 63 0 1 2 3 4 5 6 7 8 9 10 12 13 14 15 18 19 20 24 25 26 30 31 32 33 34 35 36 37 38 39 42 43 44 45 48 49 50 55 56 60 61 62 63 64 65 66 67 68 69 72 73 74 75 78 79 80 86 90 91 92 93 94 95 96 97 98 99 102 103 104 109 110 116 120 121 122 123 124 125 126 127 128 129 132 133 134 139 140 146 150 
c 2 0 64 0 1 2 3 4 5 6 7 8 9 10 12 13 14 15 18 19 20 24 25 26 30 31 32 33 34 35 36 37 38 39 42 43 44 45 48 49 50 54 55 56 60 61 62 63 64 65 66 67 68 69 72 73 74 75 78 79 80 85 86 90 91 92 93 94 95 96 97 98 99 102 103 104 109 110 116 120 121 122 123 124 125 126 127 128 129 132 133 134 139 140 146 150 
c 2 0 65 0 1 2 3 4 5 6 7 8 9 12 13 14 15 18 19 20 24 25 26 30 31 32 33 34 35 36 37 38 39 42 43 44 45 48 49 50 54 55 56 60 61 62 63 64 65 66 67 68 69 72 73 74 75 78 79 80 84 85 86 90 91 92 93 94 95 96 97 98 99 102 103 104 108 109 110 116 120 121 122 123 124 125 126 127 128 129 132 133 134 139 140 146 150 
c 2 0 66 2 3 4 5 9 10 11 15 16 17 21 22 23 27 28 32 33 34 35 39 40 41 45 46 47 51 52 53 57 58 62 63 64 65 69 70 71 75 76 77 81 82 83 87 88 92 93 94 95 99 100 101 105 106 107 111 112 117 118 122 123 124 125 129 130 131 135 136 137 141 142 143 147 148 149 150 
c 2 0 67 0 1 2 3 4 5 6 7 8 9 10 11 13 14 15 16 17 20 21 22 27 28 30 31 32 33 34 35 36 37 38 39 40 41 43 44 45 46 47 50 51 52 57 60 61 62 63 64 65 66 67 68 69 70 71 74 75 76 77 80 81 82 87 90 91 92 93 94 95 97 98 99 100 101 104 105 106 111 117 120 121 122 123 124 125 127 128 129 130 131 135 136 141 142 147 148 150 
c 2 0 68 0 1 2 3 4 5 6 7 8 9 10 11 12 13 14 15 16 17 18 19 20 21 22 26 27 30 31 32 33 34 35 36 37 38 39 40 41 42 43 44 45 46 50 51 56 57 60 61 62 63 64 65 66 67 68 69 70 71 72 73 74 75 76 80 81 86 87 90 91 92 93 94 95 96 97 98 99 100 101 103 104 105 110 111 117 120 121 122 123 124 125 126 127 128 129 130 133 134 135 140 141 146 147 150 
c 2 0 69 0 1 2 3 4 5 6 7 8 9 12 13 14 15 18 19 20 24 25 26 30 31 32 33 34 35 36 37 38 39 42 43 44 48 49 50 54 55 56 60 61 62 63 64 65 66 67 68 69 72 73 74 78 79 80 85 86 90 91 92 93 94 95 96 97 98 99 102 103 104 109 110 116 120 121 122 123 124 125 126 127 128 129 132 133 134 139 140 146 150 
c 2 0 70 0 1 2 3 4 5 6 7 8 9 12 13 14 18 19 20 24 25 26 30 31 32 33 34 36 37 38 39 42 43 44 48 49 50 54 55 56 60 61 62 63 64 66 67 68 69 72 73 74 78 79 80 84 85 86 90 91 92 93 94 96 97 98 102 103 104 108 109 110 115 116 120 121 122 123 126 127 128 132 133 134 138 139 140 145 146 150 
c 2 0 71 0 1 2 3 6 7 8 12 13 14 18 19 20 24 25 26 30 31 32 33 36 37 38 42 43 44 48 49 50 54 55 56 60 61 62 63 66 67 68 72 73 74 78 79 80 84 85 86 90 91 92 96 97 98 102 103 104 108 109 110 115 116 120 121 122 126 127 128 132 133 134 138 139 140 146 150 
c 2 0 72 5 10 11 16 17 21 22 23 27 28 29 35 40 41 46 47 51 52 53 57 58 59 64 65 70 71 75 76 77 81 82 83 87 88 94 95 100 101 105 106 107 111 112 113 117 118 119 124 125 129 130 131 135 136 137 141 142 143 147 148 149 
c 2 0 73 1 2 3 4 5 9 10 11 15 16 17 21 22 23 27 28 31 32 33 34 35 39 40 41 45 46 47 51 52 57 58 62 63 64 65 69 70 71 75 76 77 81 82 87 88 92 93 94 95 99 100 101 105 106 107 111 112 117 118 122 123 124 125 129 130 131 135 136 137 141 142 143 147 148 149 150 
c 2 0 74 0 1 2 3 4 5 6 7 8 9 10 11 12 13 14 15 16 17 19 20 21 22 26 27 30 31 32 33 34 35 36 37 38 39 40 41 42 43 44 45 46 50 51 56 57 60 61 62 63 64 65 66 67 68 69 70 71 73 74 75 76 80 81 87 90 91 92 93 94 95 96 97 98 99 100 101 104 105 106 110 111 117 120 121 122 123 124 125 126 127 128 129 130 131 134 135 136 141 147 150 
c 2 0 75 0 1 2 3 4 5 6 7 8 9 12 13 14 18 19 20 24 25 26 30 31 32 33 34 36 37 38 39 42 43 44 48 49 50 54 55 56 60 61 62 63 64 66 67 68 69 72 73 74 78 79 80 84 85 86 90 91 92 93 94 96 97 98 102 103 104 108 109 110 115 116 120 121 122 123 126 127 128 132 133 134 138 139 140 145 146 150 
c 2 0 76 0 1 2 6 7 8 12 13 14 18 19 20 24 25 26 30 31 32 36 37 38 42 43 44 48 49 50 54 55 56 60 61 62 66 67 68 72 73 74 78 79 80 84 85 86 90 91 92 96 97 98 102 103 104 108 109 110 114 115 116 120 121 122 126 127 128 132 133 134 138 139 140 145 146 
c 2 0 77 0 6 7 12 13 14 18 19 20 24 25 26 30 36 37 38 42 43 44 48 49 50 54 55 56 60 61 66 67 68 72 73 74 78 79 80 84 85 86 90 91 96 97 98 102 103 104 108 109 110 114 115 116 120 121 126 127 128 132 133 134 138 139 140 144 145 146 
c 2 0 78 17 23 28 29 47 52 53 58 59 71 76 77 82 83 88 89 106 107 112 113 118 119 131 137 143 149 
c 2 0 79 5 10 11 16 17 21 22 23 27 28 35 40 41 45 46 47 51 52 53 57 58 64 65 70 71 75 76 77 81 82 83 87 88 94 95 100 101 105 106 107 111 112 117 118 124 125 129 130 131 135 136 137 141 142 143 147 148 149 
c 2 0 80 0 1 2 3 4 5 6 7 8 9 10 11 14 15 16 17 21 22 27 28 30 31 32 33 34 35 36 38 39 40 41 44 45 46 47 51 52 57 60 61 62 63 64 65 68 69 70 71 74 75 76 77 81 82 87 90 91 92 93 94 95 98 99 100 101 105 106 111 117 120 121 122 123 124 125 128 129 130 131 135 136 141 142 147 148 150 
c 2 0 81 0 1 2 6 7 8 12 13 14 18 19 20 24 25 26 30 31 32 36 37 38 42 43 44 48 49 50 54 55 56 60 61 62 66 67 68 72 73 74 78 79 80 84 85 86 90 91 92 96 97 98 102 103 104 108 109 110 115 116 120 121 122 126 127 128 132 133 134 138 139 140 145 146 
c 2 0 82 6 12 13 18 19 20 24 25 26 36 37 42 43 48 49 50 54 55 56 66 67 72 73 74 78 79 80 84 85 86 90 96 97 102 103 104 108 109 110 114 115 116 120 121 126 127 128 132 133 134 138 139 140 144 145 146 
c 2 0 83 18 19 24 25 42 48 49 54 55 56 72 73 78 79 80 84 85 86 102 103 108 109 110 114 115 116 126 127 132 133 134 138 139 140 144 145 146 
c 2 0 84 17 23 28 29 47 52 53 58 59 76 77 82 83 88 89 106 107 112 113 118 119 131 137 143 149 
c 2 0 85 11 16 17 22 23 27 28 40 41 46 47 51 52 53 57 58 65 70 71 75 76 77 81 82 83 87 88 95 100 101 105 106 107 111 112 117 118 125 130 131 135 136 137 141 142 143 147 148 149 
c 2 0 86 0 1 2 3 4 5 8 9 10 11 15 16 17 21 22 27 28 30 31 32 33 34 35 38 39 40 41 45 46 47 51 52 57 60 61 62 63 64 65 69 70 71 75 76 77 81 82 87 91 92 93 94 95 99 100 101 105 106 111 117 121 122 123 124 125 129 130 131 135 136 141 142 147 148 150 
c 2 0 87 0 1 6 7 8 12 13 14 18 19 20 24 25 26 30 31 36 37 38 42 43 44 48 49 50 54 55 56 60 61 66 67 68 72 73 74 78 79 80 84 85 86 90 91 92 96 97 98 102 103 104 108 109 110 114 115 116 120 121 122 126 127 128 132 133 134 138 139 140 145 146 
c 2 0 88 18 24 25 48 49 54 55 72 73 78 79 84 85 86 102 103 108 109 114 115 116 126 132 133 138 139 140 144 145 146 
c 2 0 89 24 54 78 84 85 108 109 114 115 116 132 138 139 144 145 146 
c 2 0 90 0 1 2 3 4 5 6 7 8 9 10 11 12 13 14 15 16 17 19 20 21 22 26 27 30 31 32 33 34 35 36 37 38 39 40 41 42 43 44 45 46 47 50 51 52 56 57 60 61 62 63 64 65 66 67 68 69 70 71 72 73 74 75 76 77 80 81 82 86 87 90 91 92 93 94 95 96 97 98 99 100 101 104 105 106 110 111 117 120 121 122 123 124 125 126 127 128 129 130 131 134 135 136 140 141 142 146 147 148 150 
c 2 0 91 0 1 2 3 4 5 6 7 8 9 10 11 12 13 14 15 16 17 18 19 20 21 22 25 26 27 30 31 32 33 34 35 36 37 38 39 40 41 42 43 44 45 46 49 50 51 56 57 60 61 62 63 64 65 66 67 68 69 70 71 72 73 74 75 76 79 80 81 86 87 90 91 92 93 94 95 96 97 98 99 100 101 103 104 105 106 110 111 117 120 121 122 123 124 125 126 127 128 129 130 131 133 134 135 136 140 141 146 147 150 
c 2 0 92 0 1 2 3 4 5 6 7 8 9 10 11 12 13 14 15 16 18 19 20 21 25 26 27 30 31 32 33 34 35 36 37 38 39 40 41 42 43 44 45 46 49 50 51 56 57 60 61 62 63 64 65 66 67 68 69 70 71 72 73 74 75 76 79 80 81 86 90 91 92 93 94 95 96 97 98 99 100 102 103 104 105 110 111 116 120 121 122 123 124 125 126 127 128 129 130 133 134 135 140 141 146 147 150 
c 2 0 93 0 1 2 3 4 5 6 7 8 9 10 12 13 14 15 18 19 20 21 24 25 26 30 31 32 33 34 35 36 37 38 39 42 43 44 45 48 49 50 55 56 60 61 62 63 64 65 66 67 68 69 72 73 74 75 78 79 80 85 86 90 91 92 93 94 95 96 97 98 99 102 103 104 109 110 116 120 121 122 123 124 125 126 127 128 129 132 133 134 139 140 146 150 
c 2 0 94 0 1 2 3 4 5 6 7 8 9 10 12 13 14 15 18 19 20 24 25 26 30 31 32 33 34 35 36 37 38 39 42 43 44 45 48 49 50 54 55 56 60 61 62 63 64 65 66 67 68 69 72 73 74 75 78 79 80 85 86 90 91 92 93 94 95 96 97 98 99 102 103 104 109 110 116 120 121 122 123 124 125 126 127 128 129 132 133 134 139 140 146 150 
c 2 0 95 0 1 2 3 4 5 6 7 8 9 10 12 13 14 15 18 19 20 24 25 26 30 31 32 33 34 35 36 37 38 39 42 43 44 45 48 49 50 54 55 56 60 61 62 63 64 65 66 67 68 69 72 73 74 75 78 79 80 84 85 86 90 91 92 93 94 95 96 97 98 99 102 103 104 108 109 110 115 116 120 121 122 123 124 125 126 127 128 129 132 133 134 138 139 140 146 150 
c 2 0 96 2 3 4 5 9 10 11 15 16 17 21 22 23 27 28 32 33 34 35 39 40 41 45 46 47 51 52 53 57 58 62 63 64 65 69 70 71 75 76 77 81 82 83 87 88 92 93 94 95 99 100 101 105 106 107 111 112 117 118 122 123 124 125 129 130 131 135 136 137 141 142 143 147 148 149 150 
c 2 0 97 0 1 2 3 4 5 6 7 8 9 10 11 13 14 15 16 17 20 21 22 23 27 28 30 31 32 33 34 35 36 37 38 39 40 41 44 45 46 47 50 51 52 57 58 60 61 62 63 64 65 66 67 68 69 70 71 74 75 76 77 80 81 82 87 90 91 92 93 94 95 97 98 99 100 101 104 105 106 111 112 117 120 121 122 123 124 125 127 128 129 130 131 135 136 137 141 142 147 148 150 
c 2 0 98 0 1 2 3 4 5 6 7 8 9 10 11 12 13 14 15 16 17 18 19 20 21 22 26 27 30 31 32 33 34 35 36 37 38 39 40 41 42 43 44 45 46 50 51 56 57 60 61 62 63 64 65 66 67 68 69 70 71 72 73 74 75 76 80 81 86 87 90 91 92 93 94 95 96 97 98 99 100 101 103 104 105 106 110 111 117 120 121 122 123 124 125 126 127 128 129 130 131 133 134 135 136 140 141 146 147 150 
c 2 0 99 0 1 2 3 4 5 6 7 8 9 12 13 14 15 18 19 20 24 25 26 30 31 32 33 34 35 36 37 38 39 42 43 44 48 49 50 54 55 56 60 61 62 63 64 65 66 67 68 69 72 73 74 75 78 79 80 84 85 86 90 91 92 93 94 95 96 97 98 99 102 103 104 108 109 110 116 120 121 122 123 124 125 126 127 128 129 132 133 134 139 140 146 150 
c 2 0 100 0 1 2 3 4 5 6 7 8 9 12 13 14 18 19 20 24 25 26 30 31 32 33 34 36 37 38 39 42 43 44 48 49 50 54 55 56 60 61 62 63 64 66 67 68 69 72 73 74 78 79 80 84 85 86 90 91 92 93 94 96 97 98 102 103 104 108 109 110 115 116 120 121 122 123 124 126 127 128 132 133 134 138 139 140 145 146 150 
c 2 0 101 0 1 2 3 6 7 8 12 13 14 18 19 20 24 25 26 30 31 32 33 36 37 38 42 43 44 48 49 50 54 55 56 60 61 62 66 67 68 72 73 74 78 79 80 84 85 86 90 91 92 96 97 98 102 103 104 108 109 110 114 115 116 120 121 122 126 127 128 132 133 134 138 139 140 145 146 150 
c 2 0 102 11 16 17 22 23 27 28 29 40 41 46 47 51 52 53 57 58 65 70 71 75 76 77 81 82 83 87 88 95 100 101 105 106 107 111 112 117 118 124 125 130 131 135 136 137 141 142 143 147 148 149 
c 2 0 103 3 4 5 9 10 11 15 16 17 21 22 23 27 28 33 34 35 39 40 41 45 46 47 51 52 57 58 63 64 65 69 70 71 75 76 77 81 82 87 93 94 95 99 100 101 105 106 107 111 112 117 123 124 125 129 130 131 135 136 137 141 142 147 148 
c 2 0 104 0 1 2 3 4 5 6 7 8 9 10 11 12 13 14 15 16 17 20 21 22 26 27 30 31 32 33 34 35 36 37 38 39 40 41 43 44 45 46 50 51 57 60 61 62 63 64 65 66 67 68 69 70 71 73 74 75 76 80 81 87 90 91 92 93 94 95 96 97 98 99 100 101 104 105 106 111 117 120 121 122 123 124 125 127 128 129 130 131 134 135 136 141 147 150 
c 2 0 105 0 1 2 3 4 6 7 8 9 12 13 14 18 19 20 24 25 26 30 31 32 33 34 36 37 38 39 42 43 44 48 49 50 54 55 56 60 61 62 63 64 66 67 68 72 73 74 78 79 80 84 85 86 90 91 92 93 96 97 98 102 103 104 108 109 110 115 116 120 121 122 123 126 127 128 132 133 134 138 139 140 145 146 150 
c 2 0 106 0 1 6 7 8 12 13 14 18 19 20 24 25 26 30 31 32 36 37 38 42 43 44 48 49 50 54 55 56 60 61 62 66 67 68 72 73 74 78 79 80 84 85 86 90 91 92 96 97 98 102 103 104 108 109 110 114 115 116 120 121 122 126 127 128 132 133 134 138 139 140 145 146 
c 2 0 107 6 7 12 13 18 19 20 24 25 26 36 37 42 43 44 48 49 50 54 55 56 60 66 67 72 73 74 78 79 80 84 85 86 90 96 97 102 103 104 108 109 110 114 115 116 120 121 126 127 128 132 133 134 138 139 140 144 145 146 
c 2 0 108 11 16 17 22 23 27 28 29 41 46 47 51 52 53 57 58 65 70 71 76 77 81 82 83 87 88 95 100 101 106 107 111 112 117 118 125 130 131 136 137 142 143 148 149 
c 2 0 109 4 5 9 10 11 15 16 17 21 22 23 27 28 34 35 39 40 41 45 46 47 51 52 57 58 64 65 69 70 71 75 76 77 81 82 87 93 94 95 99 100 101 105 106 107 111 112 117 123 124 125 129 130 131 135 136 137 141 142 147 148 
c 2 0 110 0 1 2 3 4 5 6 7 8 9 10 11 14 15 16 17 20 21 22 27 30 31 32 33 34 35 36 37 38 39 40 41 44 45 46 51 57 60 61 62 63 64 65 68 69 70 71 74 75 76 81 87 90 91 92 93 94 95 98 99 100 101 105 106 111 117 120 121 122 123 124 125 128 129 130 131 135 136 141 147 150 
c 2 0 111 0 1 2 3 6 7 8 12 13 14 18 19 20 24 25 26 30 31 32 36 37 38 42 43 44 48 49 50 54 55 56 60 61 62 66 67 68 72 73 74 78 79 80 84 85 86 90 91 92 96 97 98 102 103 104 108 109 110 114 115 116 120 121 122 126 127 128 132 133 134 138 139 140 145 146 150 
c 2 0 112 12 13 18 19 24 25 26 42 43 48 49 50 54 55 56 66 67 72 73 78 79 80 84 85 86 96 97 102 103 104 108 109 110 114 115 116 120 126 127 132 133 134 138 139 140 144 145 146 
c 2 0 113 18 24 25 48 49 54 55 72 78 79 84 85 86 102 103 108 109 114 115 116 126 132 133 138 139 140 144 145 146 
c 2 0 114 11 16 17 22 23 27 28 29 41 46 47 51 52 53 57 58 65 70 71 76 77 81 82 83 87 88 95 100 101 106 107 111 112 117 118 125 130 131 136 137 142 143 148 149 
c 2 0 115 4 5 9 10 11 15 16 17 21 22 23 27 28 34 35 39 40 41 45 46 47 51 52 57 58 64 65 69 70 71 75 76 77 81 82 87 93 94 95 99 100 101 105 106 107 111 112 117 123 124 125 129 130 131 135 136 137 141 142 147 148 
c 2 0 116 0 1 2 3 4 5 6 7 8 9 10 11 14 15 16 17 20 21 22 27 30 31 32 33 34 35 36 37 38 39 40 41 44 45 46 51 57 60 61 62 63 64 65 68 69 70 71 74 75 76 81 87 90 91 92 93 94 95 98 99 100 101 105 106 111 117 120 121 122 123 124 125 128 129 130 131 135 136 141 147 150 
c 2 0 117 0 1 2 3 6 7 8 12 13 14 18 19 20 24 25 26 30 31 32 36 37 38 42 43 44 48 49 50 54 55 56 60 61 62 66 67 68 72 73 74 78 79 80 84 85 86 90 91 92 96 97 98 102 103 104 108 109 110 114 115 116 120 121 122 126 127 128 132 133 134 138 139 140 145 146 150 
c 2 0 118 24 25 48 49 54 55 56 72 78 79 80 84 85 86 102 103 108 109 110 114 115 116 126 127 132 133 134 138 139 140 144 145 146 
c 2 0 119 84 108 114 115 138 139 144 145 
c 2 0 120 0 1 2 3 4 5 6 7 8 9 10 11 12 13 14 15 16 17 18 19 20 21 22 23 26 27 28 30 31 32 33 34 35 36 37 38 39 40 41 42 43 44 45 46 47 50 51 52 56 57 58 60 61 62 63 64 65 66 67 68 69 70 71 72 73 74 75 76 77 80 81 82 86 87 90 91 92 93 94 95 96 97 98 99 100 101 104 105 106 107 110 111 112 117 120 121 122 123 124 125 126 127 128 129 130 131 134 135 136 137 140 141 142 146 147 148 150 
c 2 0 121 0 1 2 3 4 5 6 7 8 9 10 11 12 13 14 15 16 17 18 19 20 21 22 25 26 27 30 31 32 33 34 35 36 37 38 39 40 41 42 43 44 45 46 47 49 50 51 52 56 57 60 61 62 63 64 65 66 67 68 69 70 71 72 73 74 75 76 77 80 81 82 86 87 90 91 92 93 94 95 96 97 98 99 100 101 103 104 105 106 110 111 117 120 121 122 123 124 125 126 127 128 129 130 131 133 134 135 136 140 141 142 146 147 148 150 
c 2 0 122 0 1 2 3 4 5 6 7 8 9 10 11 12 13 14 15 16 18 19 20 21 25 26 27 30 31 32 33 34 35 36 37 38 39 40 41 42 43 44 45 46 48 49 50 51 56 57 60 61 62 63 64 65 66 67 68 69 70 71 72 73 74 75 76 79 80 81 86 87 90 91 92 93 94 95 96 97 98 99 100 101 102 103 104 105 110 111 116 120 121 122 123 124 125 126 127 128 129 130 132 133 134 135 140 141 146 147 150 
c 2 0 123 0 1 2 3 4 5 6 7 8 9 10 12 13 14 15 18 19 20 24 25 26 30 31 32 33 34 35 36 37 38 39 42 43 44 45 48 49 50 54 55 56 60 61 62 63 64 65 66 67 68 69 72 73 74 75 78 79 80 85 86 90 91 92 93 94 95 96 97 98 99 102 103 104 109 110 116 120 121 122 123 124 125 126 127 128 129 132 133 134 139 140 146 150 
c 2 0 124 0 1 2 3 4 5 6 7 8 9 10 12 13 14 15 18 19 20 24 25 26 30 31 32 33 34 35 36 37 38 39 42 43 44 45 48 49 50 54 55 56 60 61 62 63 64 65 66 67 68 69 72 73 74 75 78 79 80 84 85 86 90 91 92 93 94 95 96 97 98 99 102 103 104 108 109 110 115 116 120 121 122 123 124 125 126 127 128 129 132 133 134 138 139 140 146 150 
c 2 0 125 0 1 2 3 4 5 6 7 8 9 12 13 14 15 18 19 20 24 25 26 30 31 32 33 34 35 36 37 38 39 42 43 44 45 48 49 50 54 55 56 60 61 62 63 64 65 66 67 68 69 72 73 74 75 78 79 80 84 85 86 90 91 92 93 94 95 96 97 98 99 102 103 104 108 109 110 115 116 120 121 122 123 124 125 126 127 128 129 132 133 134 138 139 140 146 150 
c 2 0 126 2 3 4 5 9 10 11 15 16 17 21 22 23 27 28 32 33 34 35 39 40 41 45 46 47 51 52 57 58 62 63 64 65 69 70 71 75 76 77 81 82 87 92 93 94 95 99 100 101 105 106 107 111 112 117 122 123 124 125 129 130 131 135 136 137 141 142 147 148 150 
c 2 0 127 0 1 2 3 4 5 6 7 8 9 10 11 13 14 15 16 17 20 21 22 27 30 31 32 33 34 35 36 37 38 39 40 41 44 45 46 47 51 52 57 60 61 62 63 64 65 66 67 68 69 70 71 74 75 76 77 81 82 87 90 91 92 93 94 95 97 98 99 100 101 104 105 106 111 117 120 121 122 123 124 125 128 129 130 131 135 136 141 142 147 148 150 
c 2 0 128 0 1 2 3 4 5 6 7 8 9 10 11 12 13 14 15 16 17 18 19 20 21 22 26 27 30 31 32 33 34 35 36 37 38 39 40 41 42 43 44 45 46 50 51 56 57 60 61 62 63 64 65 66 67 68 69 70 71 72 73 74 75 76 80 81 86 87 90 91 92 93 94 95 96 97 98 99 100 101 103 104 105 110 111 120 121 122 123 124 125 126 127 128 129 130 133 134 135 140 141 146 147 150 
c 2 0 129 0 1 2 3 4 5 6 7 8 9 12 13 14 15 18 19 20 24 25 26 30 31 32 33 34 35 36 37 38 39 42 43 44 48 49 50 54 55 56 60 61 62 63 64 65 66 67 68 69 72 73 74 78 79 80 84 85 86 90 91 92 93 94 96 97 98 99 102 103 104 108 109 110 115 116 120 121 122 123 124 126 127 128 132 133 134 139 140 145 146 150 
c 2 0 130 0 1 2 3 6 7 8 12 13 14 18 19 20 24 25 26 30 31 32 33 36 37 38 42 43 44 48 49 50 54 55 56 60 61 62 63 66 67 68 72 73 74 78 79 80 84 85 86 90 91 92 93 96 97 98 102 103 104 108 109 110 114 115 116 120 121 122 126 127 128 132 133 134 138 139 140 145 146 150 
c 2 0 131 0 1 2 6 7 8 12 13 14 18 19 20 24 25 26 30 31 32 36 37 38 42 43 44 48 49 50 54 55 56 60 61 62 66 67 68 72 73 74 78 79 80 84 85 86 90 91 92 96 97 98 102 103 104 108 109 110 114 115 116 120 121 122 126 127 128 132 133 134 138 139 140 145 146 
c 2 0 132 3 4 5 9 10 11 15 16 17 21 22 23 27 28 33 34 35 39 40 41 45 46 47 51 52 57 58 63 64 65 69 70 71 75 76 77 81 82 87 93 94 95 99 100 101 105 106 107 111 112 117 123 124 125 129 130 131 135 136 137 141 142 147 148 
c 2 0 133 0 1 2 3 4 5 8 9 10 11 14 15 16 17 21 22 27 30 31 32 33 34 35 38 39 40 41 45 46 47 51 52 57 60 61 62 63 64 65 68 69 70 71 75 76 77 81 82 87 90 91 92 93 94 95 98 99 100 101 105 106 111 117 120 121 122 123 124 125 128 129 130 131 135 136 141 142 147 148 150 
c 2 0 134 0 1 2 3 4 5 6 7 8 9 10 11 12 13 14 15 16 17 19 20 21 22 26 27 30 31 32 33 34 35 36 37 38 39 40 41 43 44 45 46 50 51 56 57 60 61 62 63 64 65 66 67 68 69 70 71 73 74 75 76 80 81 87 90 91 92 93 94 95 96 97 98 99 100 101 104 105 110 111 120 121 122 123 124 125 126 127 128 129 130 134 135 141 147 150 
c 2 0 135 0 1 2 3 4 5 6 7 8 9 12 13 14 18 19 20 24 25 26 30 31 32 33 34 35 36 37 38 39 42 43 44 48 49 50 54 55 56 60 61 62 63 64 66 67 68 69 72 73 74 78 79 80 84 85 86 90 91 92 93 94 96 97 98 102 103 104 108 109 110 115 116 120 121 122 123 124 126 127 128 132 133 134 138 139 140 145 146 150 
c 2 0 136 0 1 6 7 8 12 13 14 18 19 20 24 25 26 30 31 36 37 38 42 43 44 48 49 50 54 55 56 60 61 62 66 67 68 72 73 74 78 79 80 84 85 86 90 91 92 96 97 98 102 103 104 108 109 110 114 115 116 120 121 122 126 127 128 132 133 134 138 139 140 144 145 146 
c 2 0 137 12 18 19 24 25 26 42 48 49 50 54 55 56 66 72 73 78 79 80 84 85 86 96 102 103 108 109 110 114 115 116 126 127 132 133 134 138 139 140 144 145 146 
c 2 0 138 3 4 5 9 10 11 15 16 17 21 22 23 27 28 33 34 35 39 40 41 45 46 47 51 52 57 58 63 64 65 69 70 71 75 76 77 81 82 87 93 94 95 99 100 101 105 106 107 111 112 117 123 124 125 129 130 131 135 136 137 141 142 147 148 
c 2 0 139 0 1 2 3 4 5 8 9 10 11 14 15 16 17 21 22 27 30 31 32 33 34 35 38 39 40 41 45 46 47 51 52 57 60 61 62 63 64 65 68 69 70 71 75 76 77 81 82 87 90 91 92 93 94 95 98 99 100 101 105 106 111 117 120 121 122 123 124 125 128 129 130 131 135 136 141 142 147 148 150 
c 2 0 140 0 1 2 3 4 5 6 7 8 9 10 11 12 13 14 15 16 17 19 20 21 22 26 27 30 31 32 33 34 35 36 37 38 39 40 41 43 44 45 46 50 51 56 57 60 61 62 63 64 65 66 67 68 69 70 71 73 74 75 76 80 81 87 90 91 92 93 94 95 96 97 98 99 100 101 104 105 110 111 120 121 122 123 124 125 126 127 128 129 130 134 135 141 147 150 
c 2 0 141 0 1 2 3 4 5 6 7 8 9 12 13 14 18 19 20 24 25 26 30 31 32 33 34 35 36 37 38 39 42 43 44 48 49 50 54 55 56 60 61 62 63 64 66 67 68 69 72 73 74 78 79 80 84 85 86 90 91 92 93 94 96 97 98 102 103 104 108 109 110 115 116 120 121 122 123 124 126 127 128 132 133 134 138 139 140 145 146 150 
c 2 0 142 0 1 6 7 8 12 13 14 18 19 20 24 25 26 30 31 36 37 38 42 43 44 48 49 50 54 55 56 60 61 62 66 67 68 72 73 74 78 79 80 84 85 86 90 91 92 96 97 98 102 103 104 108 109 110 114 115 116 120 121 122 126 127 128 132 133 134 138 139 140 144 145 146 
c 2 0 143 24 25 26 48 49 50 54 55 56 72 73 78 79 80 84 85 86 102 103 108 109 110 114 115 116 126 127 132 133 134 138 139 140 144 145 146 
c 2 0 144 3 4 5 9 10 11 15 16 17 21 22 23 27 28 33 34 35 39 40 41 45 46 47 51 52 57 58 63 64 65 69 70 71 75 76 77 81 82 87 93 94 95 99 100 101 105 106 107 111 112 117 123 124 125 129 130 131 135 136 137 141 142 147 148 
c 2 0 145 0 1 2 3 4 5 8 9 10 11 14 15 16 17 21 22 27 30 31 32 33 34 35 38 39 40 41 45 46 47 51 52 57 60 61 62 63 64 65 68 69 70 71 75 76 77 81 82 87 90 91 92 93 94 95 98 99 100 101 105 106 111 117 120 121 122 123 124 125 128 129 130 131 135 136 141 142 147 148 150 
c 2 0 146 0 1 2 3 4 5 6 7 8 9 10 11 12 13 14 15 16 17 19 20 21 22 26 27 30 31 32 33 34 35 36 37 38 39 40 41 43 44 45 46 50 51 56 57 60 61 62 63 64 65 66 67 68 69 70 71 73 74 75 76 80 81 87 90 91 92 93 94 95 96 97 98 99 100 101 104 105 110 111 120 121 122 123 124 125 126 127 128 129 130 134 135 141 147 150 
c 2 0 147 0 1 2 3 4 5 6 7 8 9 12 13 14 18 19 20 24 25 26 30 31 32 33 34 35 36 37 38 39 42 43 44 48 49 50 54 55 56 60 61 62 63 64 66 67 68 69 72 73 74 78 79 80 84 85 86 90 91 92 93 94 96 97 98 102 103 104 108 109 110 115 116 120 121 122 123 124 126 127 128 132 133 134 138 139 140 145 146 150 
c 2 0 148 0 1 6 7 8 12 13 14 18 19 20 24 25 26 30 31 36 37 38 42 43 44 48 49 50 54 55 56 60 61 62 66 67 68 72 73 74 78 79 80 84 85 86 90 91 92 96 97 98 102 103 104 108 109 110 114 115 116 120 121 122 126 127 128 132 133 134 138 139 140 144 145 146 
c 2 0 149 24 25 26 48 49 50 54 55 56 72 73 78 79 80 84 85 86 102 103 108 109 110 114 115 116 126 127 132 133 134 138 139 140 144 145 146 
c 2 0 150 0 1 2 3 4 5 6 7 8 9 10 12 13 14 15 18 19 20 21 24 25 26 30 31 32 33 34 35 36 37 38 39 40 42 43 44 45 48 49 50 51 55 56 60 61 62 63 64 65 66 67 68 69 70 72 73 74 75 78 79 80 81 86 90 91 92 93 94 95 96 97 98 99 102 103 104 105 109 110 116 120 121 122 123 124 125 126 127 128 129 132 133 134 135 140 146 150 
c 1 0 0 10 11 16 17 21 22 23 27 28 29 40 41 46 47 51 52 53 57 58 59 65 70 71 76 77 82 83 88 89 95 101 107 113 119 
c 1 0 1 10 11 16 17 21 22 23 27 28 40 41 45 46 47 51 52 53 57 58 65 70 71 76 77 82 83 88 89 95 101 107 113 119 
c 1 0 2 10 11 15 16 17 21 22 23 27 28 40 41 45 46 47 51 52 57 58 64 65 70 71 76 77 82 83 88 89 95 101 107 113 119 
c 1 0 3 3 4 5 9 10 11 15 16 17 21 22 27 28 33 34 35 39 40 41 45 46 47 51 52 57 58 63 64 65 69 70 71 75 76 77 81 82 83 87 88 89 93 94 95 99 100 101 105 106 107 111 112 113 117 118 119 
c 1 0 4 3 4 5 9 10 11 15 16 17 21 22 27 33 34 35 39 40 41 45 46 47 51 52 57 58 63 64 65 69 70 71 75 76 77 81 82 83 87 88 89 93 94 95 99 100 101 105 106 107 111 112 113 117 118 119 120 121 122 123 124 125 126 127 128 129 130 131 132 133 134 135 136 137 138 139 140 141 142 143 144 145 146 147 148 149 150 
c 1 0 5 1 2 3 4 5 8 9 10 11 15 16 17 21 22 27 31 32 33 34 35 39 40 41 45 46 47 51 52 57 58 61 62 63 64 65 69 70 71 75 76 77 81 82 83 87 88 89 91 92 93 94 95 98 99 100 101 104 105 106 107 110 111 112 113 116 117 118 119 120 121 122 123 124 125 126 127 128 129 130 131 132 133 134 135 136 137 138 139 140 141 142 143 144 145 146 147 148 149 150 
c 1 0 6 17 22 23 28 29 46 47 52 53 58 59 71 77 83 89 
c 1 0 7 11 16 17 22 23 27 28 29 41 46 47 52 53 58 59 70 71 76 77 82 83 88 89 
c 1 0 8 11 16 17 21 22 23 27 28 40 41 46 47 52 53 58 65 70 71 76 77 82 83 88 89 95 101 107 113 119 
c 1 0 9 3 4 5 9 10 11 15 16 17 21 22 27 33 34 35 39 40 41 45 46 47 51 57 63 64 65 69 70 71 75 76 77 81 82 83 87 88 89 93 94 95 99 100 101 105 106 107 111 112 113 117 118 119 
c 1 0 10 0 1 2 3 4 5 8 9 10 11 15 16 17 21 27 30 31 32 33 34 35 38 39 40 41 45 46 51 57 60 61 62 63 64 65 68 69 70 71 75 76 81 82 87 88 91 92 93 94 95 98 99 100 101 104 105 106 107 110 111 112 113 116 117 118 119 120 121 122 123 124 125 126 127 128 129 130 131 132 133 134 135 136 137 138 139 140 141 142 143 144 145 146 147 148 149 150 
c 1 0 11 0 1 2 3 4 5 6 7 8 9 10 11 13 14 15 16 20 21 30 31 32 33 34 35 37 38 39 40 41 44 45 50 51 56 57 60 61 62 63 64 65 67 68 69 70 74 75 80 81 86 87 90 91 92 93 94 95 96 97 98 99 100 101 102 103 104 105 106 107 108 109 110 111 112 113 114 115 116 117 118 119 120 121 122 123 124 125 126 127 128 129 130 131 132 133 134 135 136 137 138 139 140 141 142 143 144 145 146 147 148 149 150 
c 1 0 12 23 28 29 47 52 53 58 59 77 83 89 
c 1 0 13 17 22 23 28 29 47 52 53 58 59 71 77 83 89 
c 1 0 14 11 16 17 22 23 27 28 29 41 46 47 52 53 58 59 70 71 76 77 82 83 88 89 
c 1 0 15 2 3 4 5 9 10 11 15 16 17 21 22 27 32 33 34 35 39 40 41 45 46 51 57 62 63 64 65 69 70 71 75 76 81 82 87 88 92 93 94 95 99 100 101 105 106 107 111 112 113 117 118 119 120 121 122 123 124 125 126 127 128 129 130 131 132 133 134 135 136 137 138 139 140 141 142 143 144 145 146 147 148 149 150 
c 1 0 16 0 1 2 3 4 5 7 8 9 10 14 15 20 21 30 31 32 33 34 35 37 38 39 40 44 45 50 51 56 57 60 61 62 63 64 65 67 68 69 70 74 75 80 81 86 87 90 91 92 93 94 95 96 97 98 99 100 101 102 103 104 105 106 107 108 109 110 111 112 113 114 115 116 117 118 119 120 121 122 123 124 125 126 127 128 129 130 131 132 133 134 135 136 137 138 139 140 141 142 143 144 145 146 147 148 149 150 
c 1 0 17 0 1 2 3 4 6 7 8 12 13 14 19 20 26 30 31 32 33 34 36 37 38 43 44 49 50 55 56 60 61 62 63 64 66 67 68 72 73 74 78 79 80 84 85 86 90 91 92 93 96 97 98 99 102 103 104 105 108 109 110 111 114 115 116 117 120 121 122 123 124 125 126 127 128 129 130 131 132 133 134 135 136 137 138 139 140 141 142 143 144 145 146 147 148 149 150 
c 1 0 18 29 53 59 
c 1 0 19 23 28 29 47 52 53 58 59 77 83 89 
c 1 0 20 16 17 22 23 28 29 41 46 47 52 53 58 59 70 71 76 77 82 83 88 89 
c 1 0 21 0 1 2 3 4 5 8 9 10 11 15 16 17 21 27 31 32 33 34 35 38 39 40 41 45 46 51 57 61 62 63 64 65 69 70 71 75 76 81 82 87 88 91 92 93 94 95 98 99 100 101 104 105 106 107 110 111 112 113 116 117 118 119 120 121 122 123 124 125 126 127 128 129 130 131 132 133 134 135 136 137 138 139 140 141 142 143 144 145 146 147 148 149 150 
c 1 0 22 0 1 2 3 4 5 6 7 8 9 13 14 20 26 30 31 32 33 34 35 36 37 38 39 44 50 56 60 61 62 63 64 65 66 67 68 69 73 74 79 80 85 86 90 91 92 93 94 96 97 98 99 102 103 104 105 108 109 110 111 114 115 116 117 120 121 122 123 124 125 126 127 128 129 130 131 132 133 134 135 136 137 138 139 140 141 142 143 144 145 146 147 148 149 150 
c 1 0 23 0 1 6 7 8 12 13 14 19 20 25 26 30 31 36 37 38 42 43 44 49 50 55 56 60 61 66 67 68 72 73 74 78 79 80 84 85 86 90 91 96 97 102 103 108 109 114 115 
c 1 0 24 
c 1 0 25 28 29 53 59 
c 1 0 26 17 22 23 28 29 46 47 52 53 58 59 71 77 83 89 
c 1 0 27 0 1 2 3 4 5 8 9 10 11 15 16 21 27 31 32 33 34 35 38 39 40 41 45 51 57 61 62 63 64 65 69 70 71 75 76 81 82 87 88 91 92 93 94 95 98 99 100 101 104 105 106 107 110 111 112 113 116 117 118 119 120 121 122 123 124 125 126 127 128 129 130 131 132 133 134 135 136 137 138 139 140 141 142 143 144 145 146 147 148 149 150 
c 1 0 28 0 1 2 3 6 7 8 13 14 20 26 30 31 32 33 36 37 38 44 50 56 60 61 62 63 66 67 68 73 74 79 80 85 86 90 91 92 93 96 97 98 102 103 104 108 109 110 114 115 116 120 121 122 123 124 125 126 127 128 129 130 131 132 133 134 135 136 137 138 139 140 141 142 143 144 145 146 147 148 149 150 
c 1 0 29 0 6 7 12 13 14 19 20 25 26 30 36 37 42 43 44 49 50 55 56 60 61 66 67 72 73 78 79 84 85 90 96 102 108 114 
c 1 0 30 11 16 17 21 22 23 27 28 29 40 41 46 47 51 52 53 57 58 59 65 70 71 76 77 82 83 88 89 95 101 107 113 119 
c 1 0 31 10 11 16 17 21 22 23 27 28 29 40 41 45 46 47 51 52 53 57 58 59 65 70 71 76 77 82 83 88 89 95 101 107 113 119 
c 1 0 32 10 11 15 16 17 21 22 23 27 28 40 41 45 46 47 51 52 57 58 64 65 70 71 76 77 82 83 88 89 95 101 107 113 119 
c 1 0 33 3 4 5 9 10 11 15 16 17 21 22 27 28 33 34 35 39 40 41 45 46 47 51 52 57 58 63 64 65 69 70 71 75 76 77 81 82 83 87 88 89 93 94 95 99 100 101 105 106 107 111 112 113 117 118 119 
c 1 0 34 2 3 4 5 9 10 11 15 16 17 21 22 27 32 33 34 35 39 40 41 45 46 47 51 52 57 58 62 63 64 65 69 70 71 75 76 77 81 82 83 87 88 89 92 93 94 95 99 100 101 105 106 107 111 112 113 117 118 119 120 121 122 123 124 125 126 127 128 129 130 131 132 133 134 135 136 137 138 139 140 141 142 143 144 145 146 147 148 149 150 
c 1 0 35 0 1 2 3 4 5 8 9 10 11 14 15 16 17 21 22 27 30 31 32 33 34 35 38 39 40 41 44 45 46 47 51 57 60 61 62 63 64 65 68 69 70 71 74 75 76 77 80 81 82 83 86 87 88 89 90 91 92 93 94 95 97 98 99 100 101 103 104 105 106 107 109 110 111 112 113 115 116 117 118 119 120 121 122 123 124 125 126 127 128 129 130 131 132 133 134 135 136 137 138 139 140 141 142 143 144 145 146 147 148 149 150 
c 1 0 36 17 22 23 28 29 47 52 53 58 59 71 77 83 89 
c 1 0 37 11 16 17 22 23 27 28 29 41 46 47 52 53 58 59 70 71 76 77 82 83 88 89 
c 1 0 38 11 16 17 21 22 23 27 28 40 41 46 47 52 53 58 65 70 71 76 77 82 83 88 89 95 101 107 113 119 
c 1 0 39 3 4 5 9 10 11 15 16 17 21 22 27 33 34 35 39 40 41 45 46 47 51 57 63 64 65 69 70 71 75 76 77 81 82 83 87 88 89 93 94 95 99 100 101 105 106 107 111 112 113 117 118 119 120 121 122 123 124 125 126 127 128 129 130 131 132 133 134 135 136 137 138 139 140 141 142 143 144 145 146 147 148 149 150 
c 1 0 40 0 1 2 3 4 5 7 8 9 10 11 14 15 16 17 21 27 30 31 32 33 34 35 38 39 40 41 44 45 46 51 57 60 61 62 63 64 65 68 69 70 71 74 75 76 80 81 82 86 87 88 90 91 92 93 94 95 97 98 99 100 101 103 104 105 106 107 109 110 111 112 113 115 116 117 118 119 120 121 122 123 124 125 126 127 128 129 130 131 132 133 134 135 136 137 138 139 140 141 142 143 144 145 146 147 148 149 150 
c 1 0 41 0 1 2 3 4 5 6 7 8 9 10 13 14 15 20 21 26 30 31 32 33 34 35 36 37 38 39 40 43 44 45 50 51 56 57 60 61 62 63 64 65 66 67 68 69 70 73 74 75 79 80 81 85 86 87 90 91 92 93 94 95 96 97 98 99 100 101 102 103 104 105 106 107 108 109 110 111 112 113 114 115 116 117 118 119 120 121 122 123 124 125 126 127 128 129 130 131 132 133 134 135 136 137 138 139 140 141 142 143 144 145 146 147 148 149 150 
c 1 0 42 23 28 29 53 59 77 83 89 
c 1 0 43 17 22 23 28 29 47 52 53 58 59 71 77 83 89 
c 1 0 44 11 16 17 22 23 27 28 29 41 46 47 52 53 58 59 70 71 76 77 82 83 88 89 
c 1 0 45 2 3 4 5 9 10 11 15 16 17 21 22 27 32 33 34 35 39 40 41 45 46 51 57 62 63 64 65 69 70 71 75 76 81 82 87 88 93 94 95 99 100 101 105 106 107 111 112 113 117 118 119 120 121 122 123 124 125 126 127 128 129 130 131 132 133 134 135 136 137 138 139 140 141 142 143 144 145 146 147 148 149 150 
c 1 0 46 0 1 2 3 4 5 7 8 9 10 14 15 20 21 30 31 32 33 34 35 37 38 39 40 44 45 50 56 60 61 62 63 64 65 67 68 69 70 74 75 80 81 86 87 90 91 92 93 94 95 96 97 98 99 100 101 102 103 104 105 106 107 108 109 110 111 112 113 114 115 116 117 118 119 120 121 122 123 124 125 126 127 128 129 130 131 132 133 134 135 136 137 138 139 140 141 142 143 144 145 146 147 148 149 150 
c 1 0 47 0 1 2 3 6 7 8 12 13 14 19 20 26 30 31 32 33 36 37 38 43 44 50 56 60 61 62 66 67 68 72 73 74 78 79 80 84 85 86 90 91 92 96 97 98 102 103 104 108 109 110 114 115 116 120 121 122 123 124 125 126 127 128 129 130 131 132 133 134 135 136 137 138 139 140 141 142 143 144 145 146 147 148 149 150 
c 1 0 48 29 53 59 
c 1 0 49 23 28 29 47 52 53 58 59 77 83 89 
c 1 0 50 11 16 17 22 23 27 28 29 41 46 47 52 53 58 59 70 71 76 77 82 83 88 89 
c 1 0 51 2 3 4 5 9 10 11 15 16 17 21 27 32 33 34 35 39 40 41 45 46 51 57 62 63 64 65 69 70 71 75 76 81 82 87 88 93 94 95 99 100 101 105 106 107 111 112 113 117 118 119 120 121 122 123 124 125 126 127 128 129 130 131 132 133 134 135 136 137 138 139 140 141 142 143 144 145 146 147 148 149 150 
c 1 0 52 0 1 2 3 4 5 7 8 9 10 14 15 20 21 30 31 32 33 34 35 37 38 39 40 44 45 50 56 60 61 62 63 64 65 67 68 69 70 74 75 80 81 86 87 90 91 92 93 94 95 96 97 98 99 100 101 102 103 104 105 106 107 108 109 110 111 112 113 114 115 116 117 118 119 120 121 122 123 124 125 126 127 128 129 130 131 132 133 134 135 136 137 138 139 140 141 142 143 144 145 146 147 148 149 150 
c 1 0 53 0 1 2 3 6 7 8 12 13 14 19 20 26 30 31 32 33 36 37 38 43 44 50 56 60 61 62 66 67 68 72 73 74 78 79 80 84 85 86 90 91 92 96 97 98 102 103 104 108 109 110 114 115 116 120 121 122 123 124 125 126 127 128 129 130 131 132 133 134 135 136 137 138 139 140 141 142 143 144 145 146 147 148 149 150 
c 1 0 54 29 53 59 
c 1 0 55 23 28 29 47 52 53 58 59 77 83 89 
c 1 0 56 11 16 17 22 23 27 28 29 41 46 47 52 53 58 59 70 71 76 77 82 83 88 89 
c 1 0 57 2 3 4 5 9 10 11 15 16 17 21 27 32 33 34 35 39 40 41 45 46 51 57 62 63 64 65 69 70 71 75 76 81 82 87 88 93 94 95 99 100 101 105 106 107 111 112 113 117 118 119 120 121 122 123 124 125 126 127 128 129 130 131 132 133 134 135 136 137 138 139 140 141 142 143 144 145 146 147 148 149 150 
c 1 0 58 0 1 2 3 4 5 7 8 9 10 14 15 20 21 30 31 32 33 34 35 37 38 39 40 44 45 50 56 60 61 62 63 64 65 67 68 69 70 74 75 80 81 86 87 90 91 92 93 94 95 96 97 98 99 100 101 102 103 104 105 106 107 108 109 110 111 112 113 114 115 116 117 118 119 120 121 122 123 124 125 126 127 128 129 130 131 132 133 134 135 136 137 138 139 140 141 142 143 144 145 146 147 148 149 150 
c 1 0 59 0 1 2 3 6 7 8 12 13 14 19 20 26 30 31 32 33 36 37 38 43 44 50 56 60 61 62 66 67 68 72 73 74 78 79 80 84 85 86 90 91 92 96 97 98 102 103 104 108 109 110 114 115 116 120 121 122 123 124 125 126 127 128 129 130 131 132 133 134 135 136 137 138 139 140 141 142 143 144 145 146 147 148 149 150 
c 1 0 60 11 16 17 22 23 27 28 29 41 46 47 52 53 58 59 70 71 76 77 82 83 88 89 
c 1 0 61 11 16 17 22 23 27 28 40 41 46 47 52 53 58 59 65 70 71 76 77 82 83 88 89 95 101 107 113 119 
c 1 0 62 10 11 16 17 21 22 23 27 28 40 41 45 46 47 51 52 57 58 65 70 71 76 77 82 83 88 89 95 101 107 113 119 
c 1 0 63 3 4 5 9 10 11 15 16 17 21 22 27 33 34 35 39 40 41 45 46 47 51 52 57 58 63 64 65 69 70 71 75 76 77 81 82 83 87 88 89 93 94 95 99 100 101 105 106 107 111 112 113 117 118 119 
c 1 0 64 2 3 4 5 9 10 11 15 16 17 21 22 27 32 33 34 35 39 40 41 45 46 47 51 57 62 63 64 65 69 70 71 75 76 77 81 82 83 87 88 89 93 94 95 99 100 101 105 106 107 111 112 113 117 118 119 120 121 122 123 124 125 126 127 128 129 130 131 132 133 134 135 136 137 138 139 140 141 142 143 144 145 146 147 148 149 150 
c 1 0 65 0 1 2 3 4 5 8 9 10 11 14 15 16 17 21 22 27 30 31 32 33 34 35 38 39 40 41 45 46 51 57 60 61 62 63 64 65 68 69 70 71 74 75 76 80 81 82 86 87 88 90 91 92 93 94 95 97 98 99 100 101 103 104 105 106 107 109 110 111 112 113 115 116 117 118 119 120 121 122 123 124 125 126 127 128 129 130 131 132 133 134 135 136 137 138 139 140 141 142 143 144 145 146 147 148 149 150 
c 1 0 66 17 22 23 28 29 47 52 53 58 59 71 77 83 89 
c 1 0 67 16 17 22 23 28 29 41 46 47 52 53 58 59 70 71 76 77 82 83 88 89 
c 1 0 68 11 16 17 21 22 23 27 28 40 41 46 47 52 53 58 65 70 71 76 77 82 83 88 89 
c 1 0 69 3 4 5 9 10 11 15 16 17 21 22 27 33 34 35 39 40 41 45 46 47 51 57 63 64 65 69 70 71 75 76 77 81 82 83 87 88 89 93 94 95 99 100 101 105 106 107 111 112 113 117 118 119 
c 1 0 70 2 3 4 5 9 10 11 15 16 21 27 32 33 34 35 39 40 41 45 46 51 57 62 63 64 65 69 70 71 75 76 81 82 87 88 93 94 95 99 100 101 105 106 107 111 112 113 117 118 119 120 121 122 123 124 125 126 127 128 129 130 131 132 133 134 135 136 137 138 139 140 141 142 143 144 145 146 147 148 149 150 
c 1 0 71 0 1 2 3 4 5 8 9 10 11 14 15 16 21 30 31 32 33 34 35 38 39 40 45 51 57 60 61 62 63 64 65 68 69 70 74 75 80 81 86 87 90 91 92 93 94 95 97 98 99 100 101 103 104 105 106 107 109 110 111 112 113 115 116 117 118 119 120 121 122 123 124 125 126 127 128 129 130 131 132 133 134 135 136 137 138 139 140 141 142 143 144 145 146 147 148 149 150 
c 1 0 72 17 23 28 29 47 52 53 58 59 77 83 89 
c 1 0 73 16 17 22 23 28 29 41 46 47 52 53 58 59 70 71 76 77 82 83 88 89 
c 1 0 74 11 16 17 21 22 23 27 28 40 41 46 47 52 53 58 65 70 71 76 77 82 83 88 89 
c 1 0 75 3 4 5 9 10 11 15 16 17 21 22 27 33 34 35 39 40 41 45 46 47 51 57 63 64 65 69 70 71 75 76 77 81 82 83 87 88 89 93 94 95 99 100 101 105 106 107 111 112 113 117 118 119 
c 1 0 76 2 3 4 5 9 10 11 15 16 21 27 32 33 34 35 39 40 41 45 46 51 57 62 63 64 65 69 70 71 75 76 81 82 87 88 93 94 95 99 100 101 105 106 107 111 112 113 117 118 119 120 121 122 123 124 125 126 127 128 129 130 131 132 133 134 135 136 137 138 139 140 141 142 143 144 145 146 147 148 149 150 
c 1 0 77 0 1 2 3 4 5 8 9 10 11 14 15 16 21 30 31 32 33 34 35 38 39 40 45 51 57 60 61 62 63 64 65 68 69 70 74 75 80 81 86 87 90 91 92 93 94 95 97 98 99 100 101 103 104 105 106 107 109 110 111 112 113 115 116 117 118 119 120 121 122 123 124 125 126 127 128 129 130 131 132 133 134 135 136 137 138 139 140 141 142 143 144 145 146 147 148 149 150 
c 1 0 78 17 23 28 29 47 52 53 58 59 77 83 89 
c 1 0 79 16 17 22 23 28 29 41 46 47 52 53 58 59 70 71 76 77 82 83 88 89 
c 1 0 80 11 16 17 21 22 23 27 28 40 41 46 47 52 53 58 65 70 71 76 77 82 83 88 89 
c 1 0 81 3 4 5 9 10 11 15 16 17 21 22 27 33 34 35 39 40 41 45 46 47 51 57 63 64 65 69 70 71 75 76 77 81 82 83 87 88 89 93 94 95 99 100 101 105 106 107 111 112 113 117 118 119 
c 1 0 82 2 3 4 5 9 10 11 15 16 21 27 32 33 34 35 39 40 41 45 46 51 57 62 63 64 65 69 70 71 75 76 81 82 87 88 93 94 95 99 100 101 105 106 107 111 112 113 117 118 119 120 121 122 123 124 125 126 127 128 129 130 131 132 133 134 135 136 137 138 139 140 141 142 143 144 145 146 147 148 149 150 
c 1 0 83 0 1 2 3 4 5 8 9 10 11 14 15 16 21 30 31 32 33 34 35 38 39 40 45 51 57 60 61 62 63 64 65 68 69 70 74 75 80 81 86 87 90 91 92 93 94 95 97 98 99 100 101 103 104 105 106 107 109 110 111 112 113 115 116 117 118 119 120 121 122 123 124 125 126 127 128 129 130 131 132 133 134 135 136 137 138 139 140 141 142 143 144 145 146 147 148 149 150 
c 1 0 84 17 23 28 29 47 52 53 58 59 77 83 89 
c 1 0 85 16 17 22 23 28 29 41 46 47 52 53 58 59 70 71 76 77 82 83 88 89 
c 1 0 86 11 16 17 21 22 23 27 28 40 41 46 47 52 53 58 65 70 71 76 77 82 83 88 89 
c 1 0 87 3 4 5 9 10 11 15 16 17 21 22 27 33 34 35 39 40 41 45 46 47 51 57 63 64 65 69 70 71 75 76 77 81 82 83 87 88 89 93 94 95 99 100 101 105 106 107 111 112 113 117 118 119 
c 1 0 88 2 3 4 5 9 10 11 15 16 21 27 32 33 34 35 39 40 41 45 46 51 57 62 63 64 65 69 70 71 75 76 81 82 87 88 93 94 95 99 100 101 105 106 107 111 112 113 117 118 119 120 121 122 123 124 125 126 127 128 129 130 131 132 133 134 135 136 137 138 139 140 141 142 143 144 145 146 147 148 149 150 
c 1 0 89 0 1 2 3 4 5 8 9 10 11 14 15 16 21 30 31 32 33 34 35 38 39 40 45 51 57 60 61 62 63 64 65 68 69 70 74 75 80 81 86 87 90 91 92 93 94 95 97 98 99 100 101 103 104 105 106 107 109 110 111 112 113 115 116 117 118 119 120 121 122 123 124 125 126 127 128 129 130 131 132 133 134 135 136 137 138 139 140 141 142 143 144 145 146 147 148 149 150 
c 1 0 90 5 10 11 15 16 17 21 22 23 27 28 35 40 41 45 46 47 51 52 53 57 58 64 65 69 70 71 75 76 77 81 82 83 87 88 89 95 101 107 113 119 
c 1 0 91 5 10 11 15 16 17 21 22 23 27 28 35 40 41 45 46 47 51 52 53 57 58 64 65 69 70 71 75 76 77 81 82 83 87 88 89 95 101 107 113 119 
c 1 0 92 5 10 11 15 16 17 21 22 23 27 28 35 40 41 45 46 47 51 52 57 58 64 65 69 70 71 75 76 77 81 82 83 87 88 89 95 101 107 113 119 
c 1 0 93 5 9 10 11 15 16 17 21 22 23 27 28 34 35 39 40 41 45 46 47 51 52 57 58 64 65 69 70 71 75 76 77 81 82 83 87 88 89 95 101 107 113 119 
c 1 0 94 4 5 9 10 11 15 16 17 21 22 23 27 28 34 35 39 40 41 45 46 47 51 52 57 58 64 65 69 70 71 75 76 77 81 82 83 87 88 89 94 95 100 101 106 107 112 113 118 119 
c 1 0 95 4 5 9 10 11 15 16 17 21 22 23 27 28 34 35 39 40 41 45 46 47 51 52 57 58 63 64 65 69 70 71 75 76 77 81 82 83 87 88 89 94 95 100 101 106 107 112 113 118 119 
c 1 0 96 5 10 11 15 16 17 21 22 23 27 28 35 40 41 45 46 47 51 52 53 57 58 64 65 69 70 71 75 76 77 81 82 83 87 88 89 95 101 107 113 119 
c 1 0 97 5 10 11 15 16 17 21 22 23 27 28 35 40 41 45 46 47 51 52 53 57 58 64 65 69 70 71 75 76 77 81 82 83 87 88 89 95 101 107 113 119 
c 1 0 98 5 10 11 15 16 17 21 22 23 27 28 35 40 41 45 46 47 51 52 57 58 64 65 69 70 71 75 76 77 81 82 83 87 88 89 95 101 107 113 119 
c 1 0 99 5 9 10 11 15 16 17 21 22 23 27 28 34 35 39 40 41 45 46 47 51 52 57 58 64 65 69 70 71 75 76 77 81 82 83 87 88 89 95 101 107 113 119 
c 1 0 100 4 5 9 10 11 15 16 17 21 22 23 27 28 34 35 39 40 41 45 46 47 51 52 57 58 64 65 69 70 71 75 76 77 81 82 83 87 88 89 94 95 100 101 106 107 112 113 118 119 
c 1 0 101 4 5 9 10 11 15 16 17 21 22 23 27 28 34 35 39 40 41 45 46 47 51 52 57 58 63 64 65 69 70 71 75 76 77 81 82 83 87 88 89 94 95 100 101 106 107 112 113 118 119 
c 1 0 102 5 10 11 15 16 17 21 22 23 27 28 35 40 41 45 46 47 51 52 53 57 58 64 65 69 70 71 75 76 77 81 82 83 87 88 89 95 101 107 113 119 
c 1 0 103 5 10 11 15 16 17 21 22 23 27 28 35 40 41 45 46 47 51 52 53 57 58 64 65 69 70 71 75 76 77 81 82 83 87 88 89 95 101 107 113 119 
c 1 0 104 5 10 11 15 16 17 21 22 23 27 28 35 40 41 45 46 47 51 52 57 58 64 65 69 70 71 75 76 77 81 82 83 87 88 89 95 101 107 113 119 
c 1 0 105 5 9 10 11 15 16 17 21 22 23 27 28 34 35 39 40 41 45 46 47 51 52 57 58 64 65 69 70 71 75 76 77 81 82 83 87 88 89 95 101 107 113 119 
c 1 0 106 4 5 9 10 11 15 16 17 21 22 23 27 28 34 35 39 40 41 45 46 47 51 52 57 58 64 65 69 70 71 75 76 77 81 82 83 87 88 89 94 95 100 101 106 107 112 113 118 119 
c 1 0 107 4 5 9 10 11 15 16 17 21 22 23 27 28 34 35 39 40 41 45 46 47 51 52 57 58 63 64 65 69 70 71 75 76 77 81 82 83 87 88 89 94 95 100 101 106 107 112 113 118 119 
c 1 0 108 5 10 11 15 16 17 21 22 23 27 28 35 40 41 45 46 47 51 52 53 57 58 64 65 69 70 71 75 76 77 81 82 83 87 88 89 95 101 107 113 119 
c 1 0 109 5 10 11 15 16 17 21 22 23 27 28 35 40 41 45 46 47 51 52 53 57 58 64 65 69 70 71 75 76 77 81 82 83 87 88 89 95 101 107 113 119 
c 1 0 110 5 10 11 15 16 17 21 22 23 27 28 35 40 41 45 46 47 51 52 57 58 64 65 69 70 71 75 76 77 81 82 83 87 88 89 95 101 107 113 119 
c 1 0 111 5 9 10 11 15 16 17 21 22 23 27 28 34 35 39 40 41 45 46 47 51 52 57 58 64 65 69 70 71 75 76 77 81 82 83 87 88 89 95 101 107 113 119 
c 1 0 112 4 5 9 10 11 15 16 17 21 22 23 27 28 34 35 39 40 41 45 46 47 51 52 57 58 64 65 69 70 71 75 76 77 81 82 83 87 88 89 94 95 100 101 106 107 112 113 118 119 
c 1 0 113 4 5 9 10 11 15 16 17 21 22 23 27 28 34 35 39 40 41 45 46 47 51 52 57 58 63 64 65 69 70 71 75 76 77 81 82 83 87 88 89 94 95 100 101 106 107 112 113 118 119 
c 1 0 114 5 10 11 15 16 17 21 22 23 27 28 35 40 41 45 46 47 51 52 53 57 58 64 65 69 70 71 75 76 77 81 82 83 87 88 89 95 101 107 113 119 
c 1 0 115 5 10 11 15 16 17 21 22 23 27 28 35 40 41 45 46 47 51 52 53 57 58 64 65 69 70 71 75 76 77 81 82 83 87 88 89 95 101 107 113 119 
c 1 0 116 5 10 11 15 16 17 21 22 23 27 28 35 40 41 45 46 47 51 52 57 58 64 65 69 70 71 75 76 77 81 82 83 87 88 89 95 101 107 113 119 
c 1 0 117 5 9 10 11 15 16 17 21 22 23 27 28 34 35 39 40 41 45 46 47 51 52 57 58 64 65 69 70 71 75 76 77 81 82 83 87 88 89 95 101 107 113 119 
c 1 0 118 4 5 9 10 11 15 16 17 21 22 23 27 28 34 35 39 40 41 45 46 47 51 52 57 58 64 65 69 70 71 75 76 77 81 82 83 87 88 89 94 95 100 101 106 107 112 113 118 119 
c 1 0 119 4 5 9 10 11 15 16 17 21 22 23 27 28 34 35 39 40 41 45 46 47 51 52 57 58 63 64 65 69 70 71 75 76 77 81 82 83 87 88 89 94 95 100 101 106 107 112 113 118 119 
c 1 0 120 5 10 11 15 16 17 21 22 23 27 28 35 40 41 45 46 47 51 52 57 58 64 65 69 70 71 75 76 77 81 82 83 87 88 89 95 101 107 113 119 
c 1 0 121 5 10 11 15 16 17 21 22 23 27 28 35 40 41 45 46 47 51 52 57 58 64 65 69 70 71 75 76 77 81 82 83 87 88 89 95 101 107 113 119 
c 1 0 122 5 10 11 15 16 17 21 22 23 27 28 35 40 41 45 46 47 51 52 57 58 64 65 69 70 71 75 76 77 81 82 83 87 88 89 95 101 107 113 119 
c 1 0 123 5 10 11 15 16 17 21 22 23 27 28 35 40 41 45 46 47 51 52 57 58 64 65 69 70 71 75 76 77 81 82 83 87 88 89 95 101 107 113 119 
c 1 0 124 5 10 11 15 16 17 21 22 23 27 28 35 40 41 45 46 47 51 52 57 58 64 65 69 70 71 75 76 77 81 82 83 87 88 89 95 101 107 113 119 
c 1 0 125 5 10 11 15 16 17 21 22 23 27 28 35 40 41 45 46 47 51 52 57 58 64 65 69 70 71 75 76 77 81 82 83 87 88 89 95 101 107 113 119 
c 1 0 126 5 10 11 15 16 17 21 22 23 27 28 35 40 41 45 46 47 51 52 57 58 64 65 69 70 71 75 76 77 81 82 83 87 88 89 95 101 107 113 119 
c 1 0 127 5 10 11 15 16 17 21 22 23 27 28 35 40 41 45 46 47 51 52 57 58 64 65 69 70 71 75 76 77 81 82 83 87 88 89 95 101 107 113 119 
c 1 0 128 5 10 11 15 16 17 21 22 23 27 28 35 40 41 45 46 47 51 52 57 58 64 65 69 70 71 75 76 77 81 82 83 87 88 89 95 101 107 113 119 
c 1 0 129 5 10 11 15 16 17 21 22 23 27 28 35 40 41 45 46 47 51 52 57 58 64 65 69 70 71 75 76 77 81 82 83 87 88 89 95 101 107 113 119 
c 1 0 130 5 10 11 15 16 17 21 22 23 27 28 35 40 41 45 46 47 51 52 57 58 64 65 69 70 71 75 76 77 81 82 83 87 88 89 95 101 107 113 119 
c 1 0 131 5 10 11 15 16 17 21 22 23 27 28 35 40 41 45 46 47 51 52 57 58 64 65 69 70 71 75 76 77 81 82 83 87 88 89 95 101 107 113 119 
c 1 0 132 5 10 11 15 16 17 21 22 23 27 28 35 40 41 45 46 47 51 52 57 58 64 65 69 70 71 75 76 77 81 82 83 87 88 89 95 101 107 113 119 
c 1 0 133 5 10 11 15 16 17 21 22 23 27 28 35 40 41 45 46 47 51 52 57 58 64 65 69 70 71 75 76 77 81 82 83 87 88 89 95 101 107 113 119 
c 1 0 134 5 10 11 15 16 17 21 22 23 27 28 35 40 41 45 46 47 51 52 57 58 64 65 69 70 71 75 76 77 81 82 83 87 88 89 95 101 107 113 119 
c 1 0 135 5 10 11 15 16 17 21 22 23 27 28 35 40 41 45 46 47 51 52 57 58 64 65 69 70 71 75 76 77 81 82 83 87 88 89 95 101 107 113 119 
c 1 0 136 5 10 11 15 16 17 21 22 23 27 28 35 40 41 45 46 47 51 52 57 58 64 65 69 70 71 75 76 77 81 82 83 87 88 89 95 101 107 113 119 
c 1 0 137 5 10 11 15 16 17 21 22 23 27 28 35 40 41 45 46 47 51 52 57 58 64 65 69 70 71 75 76 77 81 82 83 87 88 89 95 101 107 113 119 
c 1 0 138 5 10 11 15 16 17 21 22 23 27 28 35 40 41 45 46 47 51 52 57 58 64 65 69 70 71 75 76 77 81 82 83 87 88 89 95 101 107 113 119 
c 1 0 139 5 10 11 15 16 17 21 22 23 27 28 35 40 41 45 46 47 51 52 57 58 64 65 69 70 71 75 76 77 81 82 83 87 88 89 95 101 107 113 119 
c 1 0 140 5 10 11 15 16 17 21 22 23 27 28 35 40 41 45 46 47 51 52 57 58 64 65 69 70 71 75 76 77 81 82 83 87 88 89 95 101 107 113 119 
c 1 0 141 5 10 11 15 16 17 21 22 23 27 28 35 40 41 45 46 47 51 52 57 58 64 65 69 70 71 75 76 77 81 82 83 87 88 89 95 101 107 113 119 
c 1 0 142 5 10 11 15 16 17 21 22 23 27 28 35 40 41 45 46 47 51 52 57 58 64 65 69 70 71 75 76 77 81 82 83 87 88 89 95 101 107 113 119 
c 1 0 143 5 10 11 15 16 17 21 22 23 27 28 35 40 41 45 46 47 51 52 57 58 64 65 69 70 71 75 76 77 81 82 83 87 88 89 95 101 107 113 119 
c 1 0 144 5 10 11 15 16 17 21 22 23 27 28 35 40 41 45 46 47 51 52 57 58 64 65 69 70 71 75 76 77 81 82 83 87 88 89 95 101 107 113 119 
c 1 0 145 5 10 11 15 16 17 21 22 23 27 28 35 40 41 45 46 47 51 52 57 58 64 65 69 70 71 75 76 77 81 82 83 87 88 89 95 101 107 113 119 
c 1 0 146 5 10 11 15 16 17 21 22 23 27 28 35 40 41 45 46 47 51 52 57 58 64 65 69 70 71 75 76 77 81 82 83 87 88 89 95 101 107 113 119 
c 1 0 147 5 10 11 15 16 17 21 22 23 27 28 35 40 41 45 46 47 51 52 57 58 64 65 69 70 71 75 76 77 81 82 83 87 88 89 95 101 107 113 119 
c 1 0 148 5 10 11 15 16 17 21 22 23 27 28 35 40 41 45 46 47 51 52 57 58 64 65 69 70 71 75 76 77 81 82 83 87 88 89 95 101 107 113 119 
c 1 0 149 5 10 11 15 16 17 21 22 23 27 28 35 40 41 45 46 47 51 52 57 58 64 65 69 70 71 75 76 77 81 82 83 87 88 89 95 101 107 113 119 
c 1 0 150 5 10 11 15 16 17 21 22 23 27 28 35 40 41 45 46 47 51 52 57 58 64 65 69 70 71 75 76 77 81 82 83 87 88 89 95 101 107 113 119 
c 3 1 0 12 18 19 24 25 36 42 43 48 49 54 55 66 72 73 78 79 84 85 96 102 103 108 109 115 116 126 132 133 138 139 144 145 
c 3 1 1 12 18 19 24 25 36 42 43 48 49 54 55 66 72 73 78 79 84 85 96 102 103 108 109 115 116 126 132 133 138 139 144 145 
c 3 1 2 12 18 19 24 25 36 42 43 48 49 54 55 66 72 73 78 79 84 85 86 96 102 103 108 109 115 116 126 132 133 138 139 144 145 
c 3 1 3 12 18 19 24 25 42 48 49 54 55 72 78 79 84 85 96 102 103 108 109 115 126 132 133 138 139 144 145 
c 3 1 4 12 18 24 25 42 48 49 54 55 72 78 79 84 85 96 102 108 109 114 115 126 132 133 138 139 144 145 
c 3 1 5 18 24 25 42 48 49 54 55 72 78 79 84 85 102 108 109 114 115 126 132 133 138 139 144 145 
c 3 1 6 12 18 19 24 25 36 42 43 48 49 54 55 66 72 73 78 79 84 85 86 96 102 103 108 109 115 116 126 132 133 138 139 140 144 145 146 
c 3 1 7 12 18 19 24 25 36 42 43 48 49 54 55 56 66 72 73 78 79 84 85 86 96 102 103 108 109 115 116 126 127 132 133 138 139 140 144 145 146 
c 3 1 8 12 18 19 24 25 36 42 43 48 49 54 55 66 72 73 78 79 84 85 86 96 102 103 108 109 115 116 126 132 133 138 139 144 145 
c 3 1 9 12 18 24 25 42 48 49 54 55 72 78 79 84 85 96 102 108 109 114 115 126 132 133 138 139 144 145 
c 3 1 10 18 24 25 42 48 54 55 72 78 79 84 85 102 108 109 114 115 126 132 133 138 139 144 145 
c 3 1 11 18 24 42 48 54 55 72 78 84 85 102 108 109 114 115 132 138 144 
c 3 1 12 6 12 18 19 24 25 36 42 43 48 49 54 55 56 66 72 73 78 79 84 85 86 96 102 103 108 109 110 115 116 120 126 127 132 133 138 139 140 145 146 
c 3 1 13 6 12 13 18 19 24 25 36 42 43 48 49 54 55 56 66 72 73 78 79 84 85 86 96 97 102 103 108 109 110 115 116 120 126 127 132 133 138 139 140 144 145 146 
c 3 1 14 6 12 18 19 24 25 36 42 43 48 49 54 55 56 66 72 73 78 79 84 85 86 96 102 103 108 109 110 115 116 126 127 132 133 138 139 140 144 145 146 
c 3 1 15 18 24 25 42 48 49 54 55 72 78 79 84 85 102 108 109 114 115 126 132 133 138 139 144 145 
c 3 1 16 18 24 42 48 54 55 72 78 84 85 102 108 109 114 115 132 138 144 
c 3 1 17 24 48 54 78 84 85 108 114 132 138 144 
c 3 1 18 6 12 13 18 19 24 25 36 42 43 48 49 54 55 56 66 72 73 78 79 84 85 86 90 96 97 102 103 108 109 110 115 116 120 126 127 132 133 138 139 140 145 146 
c 3 1 19 6 12 13 18 19 24 25 26 30 36 42 43 48 49 54 55 56 66 67 72 73 78 79 80 85 86 90 96 97 102 103 108 109 110 115 116 120 126 127 132 133 134 138 139 140 145 146 
c 3 1 20 6 12 18 19 24 25 36 42 43 48 49 54 55 56 66 72 73 78 79 84 85 86 90 96 102 103 108 109 110 115 116 120 126 127 132 133 138 139 140 144 145 146 
c 3 1 21 18 24 25 42 48 54 55 72 78 79 84 85 102 108 109 114 115 132 133 138 139 144 145 
c 3 1 22 24 48 54 55 78 84 85 108 114 132 138 144 
c 3 1 23 54 84 108 114 
c 3 1 24 6 7 12 13 18 19 20 24 25 26 30 36 37 42 43 48 49 50 54 55 56 60 66 67 72 73 78 79 80 84 85 86 90 96 97 102 103 104 108 109 110 115 116 120 121 126 127 132 133 134 138 139 140 145 146 
c 3 1 25 0 6 7 12 13 18 19 20 24 25 26 30 36 37 42 43 48 49 50 54 55 56 60 66 67 72 73 74 78 79 80 85 86 90 96 97 102 103 104 108 109 110 115 116 120 121 126 127 132 133 134 138 139 140 145 146 
c 3 1 26 6 12 13 18 19 24 25 26 30 36 37 42 43 48 49 54 55 56 66 67 72 73 78 79 80 85 86 90 96 97 102 103 108 109 110 115 116 120 126 127 132 133 134 138 139 140 145 146 
c 3 1 27 18 24 42 48 54 55 72 78 79 84 85 102 108 109 114 115 132 138 144 
c 3 1 28 24 54 78 84 108 114 
c 3 1 29 
c 3 1 30 12 18 19 24 25 36 42 43 48 49 54 55 66 72 73 78 79 84 85 86 96 102 103 108 109 115 116 126 132 133 138 139 144 145 
c 3 1 31 12 18 19 24 25 36 42 43 48 49 54 55 66 72 73 78 79 84 85 86 96 102 103 108 109 115 116 126 132 133 138 139 144 145 
c 3 1 32 12 18 19 24 25 36 42 43 48 49 54 55 66 72 73 78 79 84 85 86 96 102 103 108 109 115 116 126 132 133 138 139 144 145 
c 3 1 33 12 18 19 24 25 42 48 49 54 55 66 72 78 79 84 85 96 102 103 108 109 115 126 132 133 138 139 144 145 
c 3 1 34 12 18 24 25 42 48 49 54 55 72 78 79 84 85 96 102 103 108 109 114 115 126 132 133 138 139 144 145 
c 3 1 35 12 18 24 25 42 48 49 54 55 72 78 79 84 85 96 102 108 109 114 115 126 132 133 138 139 144 145 
c 3 1 36 6 12 18 19 24 25 36 42 43 48 49 54 55 56 66 72 73 78 79 84 85 86 96 102 103 108 109 110 115 116 126 127 132 133 138 139 140 144 145 146 
c 3 1 37 6 12 18 19 24 25 36 42 43 48 49 54 55 56 66 72 73 78 79 84 85 86 96 102 103 108 109 110 115 116 120 126 127 132 133 138 139 140 144 145 146 
c 3 1 38 12 18 19 24 25 36 42 43 48 49 54 55 56 66 72 73 78 79 84 85 86 96 102 103 108 109 115 116 126 127 132 133 138 139 140 144 145 146 
c 3 1 39 12 18 24 25 42 48 49 54 55 72 78 79 84 85 96 102 108 109 114 115 126 132 133 138 139 144 145 
c 3 1 40 18 24 25 42 48 54 55 72 78 79 84 85 102 108 109 114 115 126 132 133 138 139 144 145 
c 3 1 41 18 24 42 48 54 55 72 78 84 85 102 108 109 114 115 132 138 144 
c 3 1 42 6 12 13 18 19 24 25 36 42 43 48 49 54 55 56 66 72 73 78 79 80 84 85 86 90 96 97 102 103 108 109 110 115 116 120 126 127 132 133 134 138 139 140 145 146 
c 3 1 43 6 12 13 18 19 24 25 36 42 43 48 49 54 55 56 66 72 73 78 79 80 84 85 86 90 96 97 102 103 108 109 110 115 116 120 126 127 132 133 134 138 139 140 145 146 
c 3 1 44 6 12 18 19 24 25 36 42 43 48 49 54 55 56 66 72 73 78 79 84 85 86 96 102 103 108 109 110 115 116 120 126 127 132 133 138 139 140 144 145 146 
c 3 1 45 18 24 25 42 48 49 54 55 72 78 79 84 85 102 108 109 114 115 126 132 133 138 139 144 145 
c 3 1 46 18 24 48 54 55 78 84 85 102 108 109 114 115 132 138 144 
c 3 1 47 24 48 54 78 84 108 114 132 138 144 
c 3 1 48 6 12 13 18 19 24 25 26 30 36 37 42 43 48 49 50 54 55 56 60 66 67 72 73 78 79 80 84 85 86 90 96 97 102 103 104 108 109 110 115 116 120 126 127 132 133 134 138 139 140 145 146 
c 3 1 49 6 7 12 13 18 19 20 24 25 26 30 36 37 42 43 48 49 50 54 55 56 60 66 67 72 73 78 79 80 85 86 90 96 97 102 103 104 108 109 110 115 116 120 121 126 127 132 133 134 138 139 140 145 146 
c 3 1 50 6 12 13 18 19 24 25 36 42 43 48 49 54 55 56 66 67 72 73 78 79 80 85 86 90 96 97 102 103 108 109 110 115 116 120 126 127 132 133 134 138 139 140 145 146 
c 3 1 51 18 24 25 42 48 54 55 72 78 79 84 85 102 108 109 114 115 132 133 138 139 144 145 
c 3 1 52 24 48 54 78 84 85 108 114 132 138 144 
c 3 1 53 54 84 
c 3 1 54 0 1 6 7 12 13 14 18 19 20 24 25 26 30 31 36 37 38 42 43 44 48 49 50 54 55 56 60 61 66 67 68 72 73 74 78 79 80 85 86 90 91 96 97 98 102 103 104 108 109 110 115 116 120 121 126 127 128 132 133 134 138 139 140 145 146 
c 3 1 55 0 1 6 7 8 12 13 14 18 19 20 24 25 26 30 31 36 37 38 42 43 44 48 49 50 54 55 56 60 61 66 67 68 72 73 74 78 79 80 85 86 90 91 96 97 98 102 103 104 108 109 110 115 116 120 121 122 126 127 128 132 133 134 138 139 140 145 146 
c 3 1 56 6 12 13 18 19 20 24 25 26 30 36 37 42 43 48 49 50 54 55 56 60 66 67 72 73 78 79 80 85 86 90 96 97 102 103 104 108 109 110 115 116 120 121 126 127 132 133 134 138 139 140 145 146 
c 3 1 57 18 24 42 48 54 55 72 78 84 85 102 108 109 114 115 132 138 144 
c 3 1 58 24 54 78 84 108 114 
c 3 1 59 
c 3 1 60 12 18 19 24 25 36 42 43 48 49 54 55 66 72 73 78 79 84 85 86 96 102 103 108 109 115 116 126 132 133 138 139 140 144 145 146 
c 3 1 61 12 18 19 24 25 36 42 43 48 49 54 55 66 72 73 78 79 84 85 86 96 102 103 108 109 115 116 126 132 133 138 139 144 145 
c 3 1 62 12 18 19 24 25 36 42 43 48 49 54 55 66 72 73 78 79 84 85 86 96 102 103 108 109 115 116 126 132 133 138 139 144 145 
c 3 1 63 12 18 19 24 25 42 48 49 54 55 72 78 79 84 85 96 102 103 108 109 114 115 126 132 133 138 139 144 145 
c 3 1 64 12 18 24 25 42 48 49 54 55 72 78 79 84 85 96 102 108 109 114 115 126 132 133 138 139 144 145 
c 3 1 65 18 24 25 42 48 49 54 55 72 78 79 84 85 102 108 109 114 115 126 132 133 138 139 144 145 
c 3 1 66 6 12 18 19 24 25 36 42 43 48 49 54 55 56 66 72 73 78 79 84 85 86 96 102 103 108 109 110 115 116 120 126 127 132 133 138 139 140 145 146 
c 3 1 67 6 12 18 19 24 25 36 42 43 48 49 54 55 56 66 72 73 78 79 84 85 86 96 102 103 108 109 110 115 116 120 126 127 132 133 138 139 140 144 145 146 
c 3 1 68 12 18 19 24 25 36 42 43 48 49 54 55 56 66 72 73 78 79 84 85 86 96 102 103 108 109 115 116 126 127 132 133 138 139 140 144 145 146 
c 3 1 69 18 24 25 42 48 49 54 55 72 78 79 84 85 96 102 108 109 114 115 126 132 133 138 139 144 145 
c 3 1 70 18 24 42 48 54 55 72 78 79 84 85 102 108 109 114 115 132 133 138 139 144 145 
c 3 1 71 18 24 48 54 55 78 84 85 102 108 109 114 115 132 138 144 
c 3 1 72 6 12 13 18 19 24 25 26 30 36 37 42 43 48 49 50 54 55 56 66 67 72 73 78 79 80 84 85 86 90 96 97 102 103 108 109 110 115 116 120 126 127 132 133 134 138 139 140 145 146 
c 3 1 73 6 12 13 18 19 24 25 26 30 36 37 42 43 48 49 50 54 55 56 66 67 72 73 78 79 80 85 86 90 96 97 102 103 108 109 110 115 116 120 126 127 132 133 134 138 139 140 145 146 
c 3 1 74 6 12 18 19 24 25 36 42 43 48 49 54 55 56 66 72 73 78 79 84 85 86 90 96 97 102 103 108 109 110 115 116 120 126 127 132 133 138 139 140 144 145 146 
c 3 1 75 18 24 25 42 48 54 55 72 78 79 84 85 102 108 109 114 115 126 132 133 138 139 144 145 
c 3 1 76 18 24 48 54 55 78 84 85 102 108 109 114 115 132 138 144 
c 3 1 77 24 48 54 78 84 108 114 
c 3 1 78 0 1 6 7 12 13 14 18 19 20 24 25 26 30 31 36 37 42 43 44 48 49 50 54 55 56 60 61 66 67 68 72 73 74 78 79 80 85 86 90 91 96 97 98 102 103 104 108 109 110 115 116 120 121 126 127 128 132 133 134 138 139 140 145 146 
c 3 1 79 0 6 7 12 13 18 19 20 24 25 26 30 31 36 37 42 43 44 48 49 50 54 55 56 60 66 67 72 73 74 78 79 80 85 86 90 91 96 97 98 102 103 104 108 109 110 115 116 120 121 126 127 128 132 133 134 138 139 140 145 146 
c 3 1 80 6 12 13 18 19 24 25 26 30 36 37 42 43 48 49 50 54 55 56 66 67 72 73 78 79 80 85 86 90 96 97 102 103 108 109 110 115 116 120 126 127 132 133 134 138 139 140 145 146 
c 3 1 81 18 24 25 42 48 54 55 72 78 79 84 85 102 108 109 114 115 132 138 144 
c 3 1 82 24 48 54 78 84 85 108 114 
c 3 1 83 54 84 
c 3 1 84 0 1 2 3 4 5 6 7 8 11 12 13 14 18 19 20 24 25 26 30 31 32 33 34 35 36 37 38 42 43 44 48 49 50 55 56 60 61 62 63 65 66 67 68 72 73 74 78 79 80 85 86 90 91 92 93 94 95 96 97 98 102 103 104 108 109 110 115 116 120 121 122 123 125 126 127 128 132 133 134 139 140 145 146 150 
c 3 1 85 0 1 2 5 6 7 8 12 13 14 18 19 20 24 25 26 30 31 32 36 37 38 42 43 44 48 49 50 55 56 60 61 62 66 67 68 72 73 74 78 79 80 85 86 90 91 92 96 97 98 102 103 104 108 109 110 115 116 120 121 122 126 127 128 132 133 134 139 140 145 146 150 
c 3 1 86 0 6 7 12 13 18 19 20 24 25 26 30 31 36 37 42 43 44 48 49 50 54 55 56 60 66 67 72 73 74 78 79 80 85 86 90 91 96 97 102 103 104 108 109 110 115 116 120 121 126 127 128 132 133 134 138 139 140 145 146 
c 3 1 87 18 24 48 54 55 78 84 85 102 108 109 114 115 132 138 144 
c 3 1 88 54 78 84 
c 3 1 89 
c 3 1 90 12 18 19 24 25 36 42 43 48 49 54 55 56 66 72 73 78 79 84 85 86 96 102 103 108 109 115 116 126 127 132 133 138 139 140 144 145 146 
c 3 1 91 12 18 19 24 25 36 42 43 48 49 54 55 56 66 72 73 78 79 84 85 86 96 102 103 108 109 110 115 116 126 127 132 133 138 139 140 144 145 146 
c 3 1 92 12 18 19 24 25 36 42 43 48 49 54 55 66 72 73 78 79 84 85 86 96 102 103 108 109 115 116 126 132 133 138 139 144 145 
c 3 1 93 12 18 19 24 25 42 48 49 54 55 72 78 79 84 85 96 102 103 108 109 114 115 126 132 133 138 139 144 145 
c 3 1 94 18 24 25 42 48 49 54 55 72 78 79 84 85 96 102 108 109 114 115 126 132 133 138 139 144 145 
c 3 1 95 18 24 25 42 48 54 55 72 78 79 84 85 102 108 109 114 115 126 132 133 138 139 144 145 
c 3 1 96 6 12 13 18 19 24 25 26 36 42 43 48 49 54 55 56 66 67 72 73 78 79 80 84 85 86 90 96 97 102 103 108 109 110 115 116 120 126 127 132 133 134 138 139 140 145 146 
c 3 1 97 6 12 13 18 19 24 25 26 36 42 43 48 49 54 55 56 66 67 72 73 78 79 80 84 85 86 90 96 97 102 103 108 109 110 115 116 120 126 127 132 133 134 138 139 140 144 145 146 
c 3 1 98 6 12 18 19 24 25 36 42 43 48 49 54 55 56 66 72 73 78 79 84 85 86 96 102 103 108 109 110 115 116 120 126 127 132 133 138 139 140 144 145 146 
c 3 1 99 18 24 25 42 48 49 54 55 72 78 79 84 85 96 102 108 109 114 115 126 132 133 138 139 144 145 
c 3 1 100 18 24 25 42 48 54 55 72 78 79 84 85 102 108 109 114 115 132 133 138 139 144 145 
c 3 1 101 18 24 48 54 55 78 84 85 102 108 109 114 115 132 138 144 
c 3 1 102 0 6 7 12 13 18 19 20 24 25 26 30 31 36 37 42 43 44 48 49 50 54 55 56 60 66 67 72 73 74 78 79 80 85 86 90 91 96 97 98 102 103 104 108 109 110 115 116 120 121 126 127 128 132 133 134 138 139 140 145 146 
c 3 1 103 0 6 7 12 13 18 19 20 24 25 26 30 36 37 42 43 44 48 49 50 54 55 56 60 66 67 72 73 74 78 79 80 85 86 90 91 96 97 102 103 104 108 109 110 115 116 120 121 126 127 128 132 133 134 138 139 140 145 146 
c 3 1 104 6 12 13 18 19 24 25 26 30 36 42 43 48 49 54 55 56 66 67 72 73 78 79 80 85 86 90 96 97 102 103 108 109 110 115 116 120 126 127 132 133 134 138 139 140 144 145 146 
c 3 1 105 18 24 25 42 48 54 55 72 78 79 84 85 102 108 109 114 115 132 133 138 139 144 145 
c 3 1 106 18 24 48 54 55 78 84 85 102 108 109 114 115 132 138 144 
c 3 1 107 24 54 78 84 108 114 
c 3 1 108 0 1 2 6 7 8 12 13 14 18 19 20 24 25 26 30 31 32 36 37 38 42 43 44 48 49 50 55 56 60 61 62 66 67 68 72 73 74 78 79 80 85 86 90 91 92 96 97 98 102 103 104 108 109 110 115 116 120 121 122 126 127 128 132 133 134 138 139 140 145 146 150 
c 3 1 109 0 1 2 6 7 8 12 13 14 18 19 20 24 25 26 30 31 32 36 37 38 42 43 44 48 49 50 55 56 60 61 62 66 67 68 72 73 74 78 79 80 85 86 90 91 92 96 97 98 102 103 104 108 109 110 115 116 120 121 122 126 127 128 132 133 134 139 140 145 146 
c 3 1 110 0 6 7 12 13 18 19 20 24 25 26 30 36 37 42 43 48 49 50 54 55 56 60 66 67 72 73 74 78 79 80 85 86 90 96 97 102 103 104 108 109 110 115 116 120 121 126 127 132 133 134 138 139 140 145 146 
c 3 1 111 18 24 42 48 54 55 72 78 84 85 102 108 109 114 115 132 138 144 
c 3 1 112 24 54 78 84 108 114 
c 3 1 113 54 84 
c 3 1 114 0 1 2 3 4 5 6 7 8 9 10 11 12 13 14 15 16 17 18 19 20 21 22 23 25 26 27 28 29 30 31 32 33 34 35 36 37 38 39 40 41 42 43 44 45 46 47 48 49 50 51 52 53 55 56 57 58 60 61 62 63 64 65 66 67 68 69 70 71 72 73 74 75 76 77 78 79 80 81 82 83 85 86 87 90 91 92 93 94 95 96 97 98 99 100 101 102 103 104 105 106 107 109 110 111 115 116 117 120 121 122 123 124 125 126 127 128 129 130 131 132 133 134 135 136 137 139 140 141 146 150 
c 3 1 115 0 1 2 3 4 5 6 7 8 9 10 11 12 13 14 15 16 17 18 19 20 21 22 25 26 30 31 32 33 34 35 36 37 38 39 40 41 42 43 44 45 46 47 48 49 50 51 55 56 60 61 62 63 64 65 66 67 68 69 70 71 72 73 74 75 78 79 80 85 86 90 91 92 93 94 95 96 97 98 99 100 101 102 103 104 105 109 110 115 116 120 121 122 123 124 125 126 127 128 129 130 131 132 133 134 135 139 140 146 150 
c 3 1 116 0 1 6 7 12 13 14 18 19 20 24 25 26 30 31 36 37 38 42 43 44 48 49 50 55 56 60 61 66 67 68 72 73 74 78 79 80 85 86 90 91 96 97 98 102 103 104 108 109 110 115 116 120 121 126 127 128 132 133 134 138 139 140 145 146 
c 3 1 117 18 24 42 48 54 55 72 78 84 85 102 108 109 114 115 132 138 144 
c 3 1 118 24 54 78 84 108 114 
c 3 1 119 54 84 
c 3 1 120 6 12 18 19 24 25 36 42 43 48 49 54 55 56 66 72 73 78 79 84 85 86 96 97 102 103 108 109 110 115 116 120 126 127 132 133 138 139 140 144 145 146 
c 3 1 121 6 12 18 19 24 25 36 42 43 48 49 54 55 56 66 72 73 78 79 84 85 86 96 102 103 108 109 110 115 116 120 126 127 132 133 138 139 140 144 145 146 
c 3 1 122 12 18 19 24 25 36 42 43 48 49 54 55 66 72 73 78 79 84 85 86 96 102 103 108 109 115 116 126 132 133 138 139 144 145 
c 3 1 123 12 18 19 24 25 42 48 49 54 55 72 78 79 84 85 96 102 103 108 109 114 115 126 132 133 138 139 144 145 
c 3 1 124 12 18 24 25 42 48 49 54 55 72 78 79 84 85 96 102 108 109 114 115 126 132 133 138 139 144 145 
c 3 1 125 18 24 25 42 48 49 54 55 72 78 79 84 85 102 108 109 114 115 126 132 133 138 139 144 145 
c 3 1 126 6 12 13 18 19 20 24 25 26 30 36 37 42 43 48 49 50 54 55 56 60 66 67 72 73 78 79 80 85 86 90 96 97 102 103 104 108 109 110 115 116 120 121 126 127 132 133 134 138 139 140 145 146 
c 3 1 127 6 12 13 18 19 24 25 26 30 36 37 42 43 48 49 50 54 55 56 66 67 72 73 78 79 80 85 86 90 96 97 102 103 108 109 110 115 116 120 126 127 132 133 134 138 139 140 145 146 
c 3 1 128 6 12 18 19 24 25 36 42 43 48 49 54 55 56 66 72 73 78 79 84 85 86 96 97 102 103 108 109 110 115 116 120 126 127 132 133 138 139 140 144 145 146 
c 3 1 129 18 24 25 42 48 49 54 55 72 78 79 84 85 96 102 108 109 114 115 126 132 133 138 139 144 145 
c 3 1 130 18 24 42 48 54 55 72 78 79 84 85 102 108 109 114 115 132 138 144 
c 3 1 131 18 24 48 54 55 78 84 85 102 108 109 114 115 132 138 144 
c 3 1 132 0 1 6 7 8 12 13 14 18 19 20 24 25 26 30 31 32 36 37 38 42 43 44 48 49 50 54 55 56 60 61 66 67 68 72 73 74 78 79 80 85 86 90 91 92 96 97 98 102 103 104 108 109 110 115 116 120 121 122 126 127 128 132 133 134 138 139 140 145 146 
c 3 1 133 0 1 6 7 12 13 14 18 19 20 24 25 26 30 31 36 37 42 43 44 48 49 50 54 55 56 60 61 66 67 68 72 73 74 78 79 80 85 86 90 91 96 97 98 102 103 104 108 109 110 115 116 120 121 126 127 128 132 133 134 138 139 140 145 146 
c 3 1 134 6 12 13 18 19 24 25 26 30 36 37 42 43 48 49 50 54 55 56 66 67 72 73 78 79 80 85 86 90 96 97 102 103 108 109 110 115 116 120 126 127 132 133 134 138 139 140 145 146 
c 3 1 135 18 24 25 42 48 54 55 72 78 79 84 85 102 108 109 114 115 132 133 138 139 144 145 
c 3 1 136 24 48 54 55 78 84 85 102 108 109 114 115 132 138 144 
c 3 1 137 24 54 78 84 108 114 
c 3 1 138 0 1 2 3 4 5 6 7 8 9 10 11 12 13 14 15 16 17 18 19 20 21 22 23 25 26 27 30 31 32 33 34 35 36 37 38 39 40 41 42 43 44 45 46 47 48 49 50 51 52 55 56 57 60 61 62 63 64 65 66 67 68 69 70 71 72 73 74 75 76 77 78 79 80 81 85 86 87 90 91 92 93 94 95 96 97 98 99 100 101 102 103 104 105 106 107 108 109 110 111 115 116 120 121 122 123 124 125 126 127 128 129 130 131 132 133 134 135 139 140 146 150 
c 3 1 139 0 1 2 3 4 5 6 7 8 9 10 11 12 13 14 15 17 18 19 20 25 26 30 31 32 33 34 35 36 37 38 39 40 41 42 43 44 45 48 49 50 55 56 60 61 62 63 64 65 66 67 68 69 70 71 72 73 74 78 79 80 85 86 90 91 92 93 94 95 96 97 98 99 102 103 104 108 109 110 115 116 120 121 122 123 124 125 126 127 128 129 132 133 134 139 140 145 146 150 
c 3 1 140 6 12 13 18 19 20 24 25 26 30 36 37 42 43 48 49 50 54 55 56 60 66 67 72 73 78 79 80 85 86 90 96 97 102 103 104 108 109 110 115 116 120 121 126 127 132 133 134 138 139 140 145 146 
c 3 1 141 18 24 25 42 48 54 55 72 78 79 84 85 102 108 109 114 115 132 133 138 139 144 145 
c 3 1 142 24 48 54 55 78 84 85 102 108 109 114 115 132 138 144 
c 3 1 143 24 54 78 84 108 114 
c 3 1 144 0 1 2 3 4 5 6 7 8 9 10 11 12 13 14 15 16 17 18 19 20 21 22 23 25 26 27 28 29 30 31 32 33 34 35 36 37 38 39 40 41 42 43 44 45 46 47 49 50 51 52 53 55 56 57 58 59 60 61 62 63 64 65 66 67 68 69 70 71 72 73 74 75 76 77 79 80 81 82 83 85 86 87 88 89 90 91 92 93 94 95 96 97 98 99 100 101 102 103 104 105 106 107 109 110 111 112 113 116 117 118 120 121 122 123 124 125 126 127 128 129 130 131 132 133 134 135 136 137 139 140 141 142 143 146 147 148 150 
c 3 1 145 0 1 2 3 4 5 6 7 8 9 10 11 12 13 14 15 16 17 18 19 20 23 25 26 29 30 31 32 33 34 35 36 37 38 39 40 41 42 43 44 45 46 47 48 49 50 53 55 56 59 60 61 62 63 64 65 66 67 68 69 70 71 72 73 74 77 78 79 80 83 85 86 89 90 91 92 93 94 95 96 97 98 99 101 102 103 104 107 108 109 110 115 116 120 121 122 123 124 125 126 127 128 129 131 132 133 134 139 140 145 146 150 
c 3 1 146 6 12 13 18 19 20 24 25 26 30 36 37 42 43 48 49 50 54 55 56 60 66 67 72 73 78 79 80 85 86 90 96 97 102 103 104 108 109 110 115 116 120 121 126 127 132 133 134 138 139 140 145 146 
c 3 1 147 18 24 25 42 48 54 55 72 78 79 84 85 102 108 109 114 115 132 133 138 139 144 145 
c 3 1 148 24 48 54 55 78 84 85 102 108 109 114 115 132 138 144 
c 3 1 149 24 54 78 84 108 114 
c 3 1 150 12 18 19 24 25 42 48 49 54 55 66 72 78 79 84 85 96 102 103 108 109 115 116 126 132 133 138 139 144 145 
m 0 26 0 1 0
m 1 21 0 1 1
m 2 18 0 1 2
m 3 18 0 1 4
m 4 21 0 1 5
m 5 26 0 1 6
m 6 29 0 2 0
m 7 24 0 2 1
m 8 21 0 2 2
m 9 21 0 2 4
m 10 24 0 2 5
m 11 29 0 2 6
m 12 34 0 3 0
m 13 29 0 3 1
m 14 26 0 3 2
m 15 26 0 3 4
m 16 29 0 3 5
m 17 34 0 3 6
m 18 41 0 4 0
m 19 36 0 4 1
m 20 33 0 4 2
m 21 33 0 4 4
m 22 36 0 4 5
m 23 41 0 4 6
m 24 50 0 5 0
m 25 45 0 5 1
m 26 42 0 5 2
m 27 42 0 5 4
m 28 45 0 5 5
m 29 50 0 5 6
m 30 19 1 1 0
m 31 14 1 1 1
m 32 11 1 1 2
m 33 11 1 1 4
m 34 14 1 1 5
m 35 19 1 1 6
m 36 22 1 2 0
m 37 17 1 2 1
m 38 14 1 2 2
m 39 14 1 2 4
m 40 17 1 2 5
m 41 22 1 2 6
m 42 27 1 3 0
m 43 22 1 3 1
m 44 19 1 3 2
m 45 19 1 3 4
m 46 22 1 3 5
m 47 27 1 3 6
m 48 34 1 4 0
m 49 29 1 4 1
m 50 26 1 4 2
m 51 26 1 4 4
m 52 29 1 4 5
m 53 34 1 4 6
m 54 43 1 5 0
m 55 38 1 5 1
m 56 35 1 5 2
m 57 35 1 5 4
m 58 38 1 5 5
m 59 43 1 5 6
m 60 14 2 1 0
m 61 9 2 1 1
m 62 6 2 1 2
m 63 6 2 1 4
m 64 9 2 1 5
m 65 14 2 1 6
m 66 17 2 2 0
m 67 12 2 2 1
m 68 9 2 2 2
m 69 9 2 2 4
m 70 12 2 2 5
m 71 17 2 2 6
m 72 22 2 3 0
m 73 17 2 3 1
m 74 14 2 3 2
m 75 14 2 3 4
m 76 17 2 3 5
m 77 22 2 3 6
m 78 29 2 4 0
m 79 24 2 4 1
m 80 21 2 4 2
m 81 21 2 4 4
m 82 24 2 4 5
m 83 29 2 4 6
m 84 38 2 5 0
m 85 33 2 5 1
m 86 30 2 5 2
m 87 30 2 5 4
m 88 33 2 5 5
m 89 38 2 5 6
m 90 11 3 1 0
m 91 6 3 1 1
m 92 3 3 1 2
m 93 3 3 1 4
m 94 6 3 1 5
m 95 11 3 1 6
m 96 14 3 2 0
m 97 9 3 2 1
m 98 6 3 2 2
m 99 6 3 2 4
m 100 9 3 2 5
m 101 14 3 2 6
m 102 19 3 3 0
m 103 14 3 3 1
m 104 11 3 3 2
m 105 11 3 3 4
m 106 14 3 3 5
m 107 19 3 3 6
m 108 26 3 4 0
m 109 21 3 4 1
m 110 18 3 4 2
m 111 18 3 4 4
m 112 21 3 4 5
m 113 26 3 4 6
m 114 35 3 5 0
m 115 30 3 5 1
m 116 27 3 5 2
m 117 27 3 5 4
m 118 30 3 5 5
m 119 35 3 5 6
m 120 10 4 1 0
m 121 5 4 1 1
m 122 2 4 1 2
m 123 2 4 1 4
m 124 5 4 1 5
m 125 10 4 1 6
m 126 13 4 2 0
m 127 8 4 2 1
m 128 5 4 2 2
m 129 5 4 2 4
m 130 8 4 2 5
m 131 13 4 2 6
m 132 18 4 3 0
m 133 13 4 3 1
m 134 10 4 3 2
m 135 10 4 3 4
m 136 13 4 3 5
m 137 18 4 3 6
m 138 25 4 4 0
m 139 20 4 4 1
m 140 17 4 4 2
m 141 17 4 4 4
m 142 20 4 4 5
m 143 25 4 4 6
m 144 34 4 5 0
m 145 29 4 5 1
m 146 26 4 5 2
m 147 26 4 5 4
m 148 29 4 5 5
m 149 34 4 5 6
m 150 0 4 0 3
