d 5 151 5 6 7
c 3 0 0 0 3 4 5 6 9 10 11 12 15 16 17 18 21 22 23 24 27 28 29 30 33 34 35 36 39 40 41 42 45 46 47 51 52 53 57 58 59 60 63 64 65 69 70 71 75 76 77 81 82 83 87 88 89 90 93 94 95 99 100 101 105 106 107 111 112 113 117 118 119 123 124 125 129 130 131 135 136 137 141 142 143 147 148 149 
c 3 0 1 0 3 4 5 6 9 10 11 12 15 16 17 18 21 22 23 24 27 28 29 30 33 34 35 36 39 40 41 42 45 46 47 51 52 53 57 58 59 60 63 64 65 69 70 71 75 76 77 81 82 83 87 88 89 90 93 94 95 99 100 101 105 106 107 111 112 113 117 118 119 123 124 125 129 130 131 135 136 137 141 142 143 147 148 149 
c 3 0 2 0 3 4 5 6 9 10 11 12 15 16 17 18 21 22 23 24 27 28 29 30 33 34 35 36 39 40 41 42 45 46 47 51 52 53 57 58 59 60 63 64 65 69 70 71 75 76 77 81 82 83 87 88 89 90 93 94 95 99 100 101 105 106 107 111 112 113 117 118 119 123 124 125 129 130 131 135 136 137 141 142 143 147 148 149 
c 3 0 3 0 1 2 3 4 5 6 8 9 10 11 12 15 16 17 18 21 22 23 24 27 28 29 30 31 32 33 34 35 36 38 39 40 41 42 45 46 47 48 51 52 53 57 58 59 60 61 62 63 64 65 66 69 70 71 75 76 77 81 82 83 87 88 89 90 91 92 93 94 95 99 100 101 105 106 107 111 112 113 117 118 119 121 122 123 124 125 129 130 131 135 136 137 141 142 143 147 148 149 150 
c 3 0 4 0 1 2 3 4 5 6 9 10 11 12 15 16 17 18 21 22 23 24 27 28 29 30 31 32 33 34 35 36 39 40 41 42 45 46 47 51 52 53 57 58 59 60 61 62 63 64 65 66 69 70 71 75 76 77 81 82 83 87 88 89 90 91 92 93 94 95 99 100 101 105 106 107 111 112 113 117 118 119 122 123 124 125 129 130 131 135 136 137 141 142 143 147 148 149 150 
c 3 0 5 0 1 2 3 4 5 6 9 10 11 12 15 16 17 18 21 22 23 24 27 28 29 30 31 32 33 34 35 36 39 40 41 42 45 46 47 51 52 53 57 58 59 60 63 64 65 69 70 71 75 76 77 81 82 83 87 88 89 90 91 92 93 94 95 99 100 101 105 106 107 111 112 113 117 118 119 123 124 125 129 130 131 135 136 137 141 142 143 147 148 149 150 
c 3 0 6 5 10 11 15 16 17 21 22 23 27 28 29 34 35 40 41 45 46 47 51 52 53 57 58 59 64 65 70 71 75 76 77 81 82 83 87 88 89 94 95 99 100 101 105 106 107 111 112 113 117 118 119 124 125 129 130 131 135 136 137 141 142 143 147 148 149 
c 3 0 7 4 5 9 10 11 15 16 17 21 22 23 27 28 29 34 35 39 40 41 45 46 47 51 52 53 57 58 59 64 65 69 70 71 75 76 77 81 82 83 87 88 89 93 94 95 99 100 101 105 106 107 111 112 113 117 118 119 123 124 125 129 130 131 135 136 137 141 142 143 147 148 149 
c 3 0 8 3 4 5 9 10 11 15 16 17 21 22 23 27 28 29 33 34 35 39 40 41 45 46 47 51 52 53 57 58 59 63 64 65 69 70 71 75 76 77 81 82 83 87 88 89 93 94 95 99 100 101 105 106 107 111 112 113 117 118 119 123 124 125 129 130 131 135 136 137 141 142 143 147 148 149 
c 3 0 9 0 1 2 3 4 5 6 7 8 9 10 11 12 13 15 16 17 18 21 22 23 24 27 28 29 30 31 32 33 34 35 36 37 38 39 40 41 42 45 46 47 48 51 52 53 57 58 59 60 61 62 63 64 65 66 68 69 70 71 72 75 76 77 81 82 83 87 88 89 90 91 92 93 94 95 96 98 99 100 101 105 106 107 111 112 113 117 118 119 120 121 122 123 124 125 129 130 131 135 136 137 141 142 143 147 148 149 150 
c 3 0 10 0 1 2 3 4 5 6 7 8 9 10 11 12 15 16 17 18 21 22 23 24 27 28 29 30 31 32 33 34 35 36 37 39 40 41 42 45 46 47 48 51 52 53 57 58 59 60 61 62 63 64 65 66 67 69 70 71 75 76 77 81 82 83 87 88 89 90 91 92 93 94 95 99 100 101 105 106 107 111 112 113 117 118 119 120 121 122 123 124 125 129 130 131 135 136 137 141 142 143 147 148 149 150 
c 3 0 11 0 1 2 3 4 5 6 9 10 11 12 15 16 17 18 21 22 23 27 28 29 30 31 32 33 34 35 36 39 40 41 45 46 47 51 52 53 57 58 59 60 63 64 65 69 70 71 75 76 77 81 82 83 87 88 89 90 91 92 93 94 95 99 100 101 105 106 107 111 112 113 117 118 123 124 125 129 130 131 135 136 137 141 142 143 147 148 149 150 
c 3 0 12 11 16 17 22 23 28 29 35 41 46 47 52 53 57 58 59 65 71 76 77 82 83 87 88 89 95 100 101 106 107 112 113 118 119 125 130 131 136 137 142 143 148 149 
c 3 0 13 5 10 11 16 17 21 22 23 27 28 29 34 35 40 41 45 46 47 51 52 53 57 58 59 64 65 70 71 75 76 77 81 82 83 87 88 89 94 95 100 101 105 106 107 111 112 113 117 118 119 124 125 130 131 135 136 137 141 142 143 147 148 149 
c 3 0 14 4 5 9 10 11 15 16 17 21 22 23 27 28 29 33 34 35 39 40 41 45 46 47 51 52 53 57 58 59 63 64 65 69 70 71 75 76 77 81 82 83 87 88 89 93 94 95 99 100 101 105 106 107 111 112 113 117 118 119 123 124 125 129 130 131 135 136 137 141 142 143 147 148 149 
c 3 0 15 0 1 2 3 4 5 6 7 8 9 10 11 12 13 14 15 16 17 18 21 22 23 24 27 28 29 30 31 32 33 34 35 36 37 38 39 40 41 42 43 45 46 47 48 51 52 53 57 58 59 60 61 62 63 64 65 66 67 68 69 70 71 72 75 76 77 81 82 83 87 88 90 91 92 93 94 95 96 97 98 99 100 101 105 106 107 111 112 113 117 118 120 121 122 123 124 125 128 129 130 131 135 136 137 141 142 143 147 148 149 150 
c 3 0 16 0 1 2 3 4 5 6 7 8 9 10 11 12 13 14 15 16 17 18 21 22 23 24 27 28 29 30 31 32 33 34 35 36 37 38 39 40 41 42 44 45 46 47 48 51 52 53 57 58 59 60 61 62 63 64 65 66 67 68 69 70 71 74 75 76 77 81 82 83 87 88 90 91 92 93 94 95 96 97 98 99 100 101 104 105 106 107 111 112 113 117 118 120 121 122 123 124 125 128 129 130 131 135 136 137 141 142 143 147 148 149 150 
c 3 0 17 0 1 2 3 4 5 6 9 10 11 12 15 16 17 21 22 23 27 28 29 30 31 32 33 34 35 36 39 40 41 45 46 47 51 52 53 57 58 59 60 62 63 64 65 69 70 71 75 76 77 81 82 83 87 88 89 90 91 92 93 94 95 99 100 101 105 106 107 111 112 113 117 118 123 124 125 129 130 131 135 136 137 141 142 143 147 148 149 150 
c 3 0 18 17 22 23 28 29 41 47 52 53 58 59 71 76 77 82 83 88 89 101 106 107 112 113 118 119 131 137 143 149 
c 3 0 19 5 11 16 17 22 23 27 28 29 35 40 41 46 47 51 52 53 57 58 59 65 70 71 76 77 81 82 83 87 88 89 95 100 101 106 107 111 112 113 117 118 119 125 130 131 136 137 142 143 148 149 
c 3 0 20 4 5 9 10 11 15 16 17 21 22 23 27 28 29 34 35 39 40 41 45 46 47 51 52 53 57 58 59 63 64 65 69 70 71 75 76 77 81 82 83 87 88 89 93 94 95 99 100 101 105 106 107 111 112 113 117 118 119 123 124 125 129 130 131 135 136 137 141 142 143 147 148 149 
c 3 0 21 0 1 2 3 4 5 6 7 8 9 10 11 12 13 14 15 16 17 18 19 20 21 22 23 24 27 28 29 30 31 32 33 34 35 36 37 38 39 40 41 42 43 44 45 46 47 48 50 51 52 53 57 58 59 60 61 62 63 64 65 66 67 68 69 70 71 72 74 75 76 77 81 82 83 87 88 90 91 92 93 94 95 96 97 98 99 100 101 102 104 105 106 107 111 112 113 117 118 120 121 122 123 124 125 126 127 128 129 130 131 134 135 136 137 141 142 143 147 148 149 150 
c 3 0 22 0 1 2 3 4 5 6 7 8 9 10 11 12 13 14 15 16 17 18 19 20 21 22 23 24 27 28 29 30 31 32 33 34 35 36 37 38 39 40 41 42 43 44 45 46 47 48 51 52 53 57 58 59 60 61 62 63 64 65 66 67 68 69 70 71 72 74 75 76 77 81 82 83 87 88 90 91 92 93 94 95 96 97 98 99 100 101 104 105 106 107 111 112 113 117 118 120 121 122 123 124 125 126 127 128 129 130 131 135 136 137 141 142 143 147 148 149 150 
c 3 0 23 0 1 2 3 4 5 6 8 9 10 11 12 15 16 17 21 22 23 27 28 29 30 31 32 33 34 35 36 39 40 41 45 46 47 51 52 53 57 58 59 60 61 62 63 64 65 69 70 71 75 76 77 81 82 83 87 88 89 90 91 92 93 94 95 99 100 101 105 106 107 111 112 113 117 118 121 122 123 124 125 129 130 131 135 136 137 141 142 143 147 148 149 150 
c 3 0 24 23 29 47 53 58 59 77 83 89 107 113 119 
c 3 0 25 11 16 17 22 23 28 29 41 46 47 52 53 58 59 71 76 77 82 83 88 89 100 101 106 107 112 113 118 119 125 131 136 137 142 143 148 149 
c 3 0 26 4 5 10 11 15 16 17 21 22 23 27 28 29 34 35 39 40 41 45 46 47 51 52 53 57 58 59 64 65 69 70 71 75 76 77 81 82 83 87 88 89 94 95 99 100 101 105 106 107 111 112 113 117 118 119 124 125 129 130 131 135 136 137 141 142 143 147 148 149 
c 3 0 27 0 1 2 3 4 5 6 7 8 9 10 11 12 13 14 15 16 17 18 19 20 21 22 23 24 26 27 28 29 30 31 32 33 34 35 36 37 38 39 40 41 42 43 44 45 46 47 48 49 50 51 52 53 54 57 58 59 60 61 62 63 64 65 66 67 68 69 70 71 72 73 74 75 76 77 78 80 81 82 83 87 88 90 91 92 93 94 95 96 97 98 99 100 101 102 104 105 106 107 111 112 113 117 118 120 121 122 123 124 125 126 127 128 129 130 131 134 135 136 137 141 142 143 147 148 149 150 
c 3 0 28 0 1 2 3 4 5 6 7 8 9 10 11 12 13 14 15 16 17 18 19 20 21 22 23 24 26 27 28 29 30 31 32 33 34 35 36 37 38 39 40 41 42 43 44 45 46 47 48 50 51 52 53 57 58 59 60 61 62 63 64 65 66 67 68 69 70 71 72 73 74 75 76 77 80 81 82 83 87 88 90 91 92 93 94 95 96 97 98 99 100 101 102 104 105 106 107 111 112 113 117 118 120 121 122 123 124 125 126 127 128 129 130 131 134 135 136 137 141 142 143 147 148 149 150 
c 3 0 29 0 1 2 3 4 5 6 7 8 9 10 11 12 15 16 17 21 22 23 27 28 29 30 31 32 33 34 35 36 39 40 41 45 46 47 51 52 53 57 58 59 60 61 62 63 64 65 69 70 71 75 76 77 81 82 83 87 88 89 90 91 92 93 94 95 99 100 101 105 106 107 111 112 113 117 118 120 121 122 123 124 125 129 130 131 135 136 137 141 142 143 147 148 149 150 
c 3 0 30 0 3 4 5 6 9 10 11 12 15 16 17 18 21 22 23 27 28 29 30 33 34 35 36 39 40 41 45 46 47 51 52 53 57 58 59 63 64 65 69 70 71 75 76 77 81 82 83 87 88 89 93 94 95 99 100 101 105 106 107 111 112 113 117 118 119 123 124 125 129 130 131 135 136 137 141 142 143 147 148 149 
c 3 0 31 0 3 4 5 6 9 10 11 12 15 16 17 18 21 22 23 27 28 29 30 33 34 35 36 39 40 41 45 46 47 51 52 53 57 58 59 63 64 65 69 70 71 75 76 77 81 82 83 87 88 89 93 94 95 99 100 101 105 106 107 111 112 113 117 118 119 123 124 125 129 130 131 135 136 137 141 142 143 147 148 149 
c 3 0 32 0 3 4 5 6 9 10 11 12 15 16 17 18 21 22 23 27 28 29 30 33 34 35 36 39 40 41 45 46 47 51 52 53 57 58 59 63 64 65 69 70 71 75 76 77 81 82 83 87 88 89 93 94 95 99 100 101 105 106 107 111 112 113 117 118 119 123 124 125 129 130 131 135 136 137 141 142 143 147 148 149 
c 3 0 33 0 1 2 3 4 5 6 7 8 9 10 11 12 15 16 17 18 21 22 23 24 27 28 29 30 31 32 33 34 35 36 38 39 40 41 42 45 46 47 48 51 52 53 57 58 59 60 61 62 63 64 65 66 68 69 70 71 75 76 77 81 82 83 87 88 89 90 91 92 93 94 95 96 98 99 100 101 105 106 107 111 112 113 117 118 119 120 121 122 123 124 125 129 130 131 135 136 137 141 142 143 147 148 149 150 
c 3 0 34 0 1 2 3 4 5 6 7 8 9 10 11 12 15 16 17 18 21 22 23 24 27 28 29 30 31 32 33 34 35 36 37 39 40 41 42 45 46 47 48 51 52 53 57 58 59 60 61 62 63 64 65 66 67 69 70 71 75 76 77 81 82 83 87 88 89 90 91 92 93 94 95 99 100 101 105 106 107 111 112 113 117 118 119 120 122 123 124 125 129 130 131 135 136 137 141 142 143 147 148 149 150 
c 3 0 35 0 1 2 3 4 5 6 9 10 11 12 15 16 17 18 21 22 23 27 28 29 30 31 32 33 34 35 36 39 40 41 42 45 46 47 51 52 53 57 58 59 60 61 63 64 65 69 70 71 75 76 77 81 82 83 87 88 89 90 91 92 93 94 95 99 100 101 105 106 107 111 112 113 117 118 119 123 124 125 129 130 131 135 136 137 141 142 143 147 148 149 150 
c 3 0 36 4 5 10 11 15 16 17 21 22 23 27 28 29 34 35 39 40 41 45 46 47 51 52 53 57 58 59 64 65 69 70 71 75 76 77 81 82 83 87 88 89 94 95 99 100 101 105 106 107 111 112 113 117 118 119 124 125 129 130 131 135 136 137 141 142 143 147 148 149 
c 3 0 37 4 5 9 10 11 15 16 17 21 22 23 27 28 29 34 35 39 40 41 45 46 47 51 52 53 57 58 59 63 64 65 69 70 71 75 76 77 81 82 83 87 88 89 93 94 95 99 100 101 105 106 107 111 112 113 117 118 119 123 124 125 129 130 131 135 136 137 141 142 143 147 148 149 
c 3 0 38 3 4 5 9 10 11 15 16 17 21 22 23 27 28 29 33 34 35 39 40 41 45 46 47 51 52 53 57 58 59 63 64 65 69 70 71 75 76 77 81 82 83 87 88 89 93 94 95 99 100 101 105 106 107 111 112 113 117 118 119 123 124 125 129 130 131 135 136 137 141 142 143 147 148 149 
c 3 0 39 0 1 2 3 4 5 6 7 8 9 10 11 12 13 15 16 17 18 21 22 23 24 27 28 29 30 31 32 33 34 35 36 37 38 39 40 41 42 43 45 46 47 48 51 52 53 57 58 59 60 61 62 63 64 65 66 67 68 69 70 71 72 75 76 77 81 82 83 87 88 89 90 91 92 93 94 95 96 98 99 100 101 105 106 107 111 112 113 117 118 119 120 121 122 123 124 125 129 130 131 135 136 137 141 142 143 147 148 149 150 
c 3 0 40 0 1 2 3 4 5 6 7 8 9 10 11 12 14 15 16 17 18 21 22 23 24 27 28 29 30 31 32 33 34 35 36 37 38 39 40 41 42 44 45 46 47 48 51 52 53 57 58 59 60 61 62 63 64 65 66 67 68 69 70 71 75 76 77 81 82 83 87 88 90 91 92 93 94 95 96 97 98 99 100 101 105 106 107 111 112 113 117 118 120 121 122 123 124 125 128 129 130 131 135 136 137 141 142 143 147 148 149 150 
c 3 0 41 0 1 2 3 4 5 6 8 9 10 11 12 15 16 17 18 21 22 23 27 28 29 30 31 32 33 34 35 36 39 40 41 45 46 47 51 52 53 57 58 59 60 61 62 63 64 65 69 70 71 75 76 77 81 82 83 87 88 89 90 91 92 93 94 95 99 100 101 105 106 107 111 112 113 117 118 120 122 123 124 125 129 130 131 135 136 137 141 142 143 147 148 149 150 
c 3 0 42 11 16 17 22 23 27 28 29 35 40 41 46 47 52 53 57 58 59 65 70 71 76 77 82 83 87 88 89 95 100 101 106 107 111 112 113 117 118 119 125 130 131 136 137 142 143 148 149 
c 3 0 43 5 10 11 16 17 21 22 23 27 28 29 34 35 40 41 45 46 47 51 52 53 57 58 59 64 65 70 71 75 76 77 81 82 83 87 88 89 94 95 99 100 101 105 106 107 111 112 113 117 118 119 124 125 129 130 131 135 136 137 141 142 143 147 148 149 
c 3 0 44 4 5 9 10 11 15 16 17 21 22 23 27 28 29 33 34 35 39 40 41 45 46 47 51 52 53 57 58 59 63 64 65 69 70 71 75 76 77 81 82 83 87 88 89 93 94 95 99 100 101 105 106 107 111 112 113 117 118 119 123 124 125 129 130 131 135 136 137 141 142 143 147 148 149 
c 3 0 45 0 1 2 3 4 5 6 7 8 9 10 11 12 13 14 15 16 17 18 19 20 21 22 23 24 27 28 29 30 31 32 33 34 35 36 37 38 39 40 41 42 43 44 45 46 47 48 50 51 52 53 57 58 59 60 61 62 63 64 65 66 67 68 69 70 71 72 74 75 76 77 81 82 83 87 88 90 91 92 93 94 95 96 97 98 99 100 101 104 105 106 107 111 112 113 117 118 120 121 122 123 124 125 126 127 128 129 130 131 135 136 137 141 142 143 147 148 149 150 
c 3 0 46 0 1 2 3 4 5 6 7 8 9 10 11 12 13 14 15 16 17 18 19 20 21 22 23 24 27 28 29 30 31 32 33 34 35 36 37 38 39 40 41 42 43 44 45 46 47 48 51 52 53 57 58 59 60 61 62 63 64 65 66 67 68 69 70 71 72 74 75 76 77 81 82 83 87 88 90 91 92 93 94 95 96 97 98 99 100 101 104 105 106 107 111 112 113 117 118 120 121 122 123 124 125 126 128 129 130 131 135 136 137 141 142 143 147 148 149 150 
c 3 0 47 0 1 2 3 4 5 6 7 8 9 10 11 12 15 16 17 18 21 22 23 27 28 29 30 31 32 33 34 35 36 37 38 39 40 41 42 45 46 47 51 52 53 57 58 59 60 61 62 63 64 65 66 68 69 70 71 75 76 77 81 82 83 87 88 89 90 91 92 93 94 95 99 100 101 105 106 107 111 112 113 117 118 120 121 122 123 124 125 129 130 131 135 136 137 141 142 143 147 148 149 150 
c 3 0 48 17 23 28 29 41 47 52 53 58 59 71 77 82 83 88 89 101 106 107 112 113 118 119 131 137 143 149 
c 3 0 49 11 16 17 22 23 27 28 29 35 40 41 46 47 52 53 57 58 59 65 70 71 76 77 81 82 83 87 88 89 95 100 101 106 107 111 112 113 117 118 119 125 130 131 136 137 142 143 148 149 
c 3 0 50 4 5 10 11 15 16 17 21 22 23 27 28 29 34 35 39 40 41 45 46 47 51 52 53 57 58 59 64 65 69 70 71 75 76 77 81 82 83 87 88 89 94 95 99 100 101 105 106 107 111 112 113 117 118 119 123 124 125 129 130 131 135 136 137 141 142 143 147 148 149 
c 3 0 51 0 1 2 3 4 5 6 7 8 9 10 11 12 13 14 15 16 17 18 19 20 21 22 23 24 26 27 28 29 30 31 32 33 34 35 36 37 38 39 40 41 42 43 44 45 46 47 48 49 50 51 52 53 54 57 58 59 60 61 62 63 64 65 66 67 68 69 70 71 72 73 74 75 76 77 78 80 81 82 83 87 88 90 91 92 93 94 95 96 97 98 99 100 101 102 104 105 106 107 111 112 113 117 118 120 121 122 123 124 125 126 127 128 129 130 131 134 135 136 137 141 142 143 147 148 149 150 
c 3 0 52 0 1 2 3 4 5 6 7 8 9 10 11 12 13 14 15 16 17 18 19 20 21 22 23 24 26 27 28 29 30 31 32 33 34 35 36 37 38 39 40 41 42 43 44 45 46 47 48 50 51 52 53 57 58 59 60 61 62 63 64 65 66 67 68 69 70 71 72 73 74 75 76 77 80 81 82 83 87 88 90 91 92 93 94 95 96 97 98 99 100 101 102 103 104 105 106 107 110 111 112 113 117 118 120 121 122 123 124 125 126 127 128 129 130 131 134 135 136 137 141 142 143 147 148 149 150 
c 3 0 53 0 1 2 3 4 5 6 7 8 9 10 11 12 14 15 16 17 18 21 22 23 27 28 29 30 31 32 33 34 35 36 37 38 39 40 41 42 44 45 46 47 51 52 53 57 58 59 60 61 62 63 64 65 66 67 68 69 70 71 75 76 77 81 82 83 87 88 89 90 91 92 93 94 95 98 99 100 101 105 106 107 111 112 113 117 118 120 121 122 123 124 125 128 129 130 131 135 136 137 141 142 143 147 148 149 150 
c 3 0 54 23 29 53 58 59 77 83 89 107 113 119 
c 3 0 55 17 22 23 28 29 41 47 52 53 58 59 71 76 77 82 83 88 89 101 106 107 112 113 118 119 131 137 143 149 
c 3 0 56 5 10 11 16 17 21 22 23 27 28 29 34 35 40 41 45 46 47 51 52 53 57 58 59 64 65 70 71 75 76 77 81 82 83 87 88 89 94 95 100 101 105 106 107 111 112 113 117 118 119 124 125 129 130 131 135 136 137 141 142 143 147 148 149 
c 3 0 57 0 1 2 3 4 5 6 7 8 9 10 11 12 13 14 15 16 17 18 19 20 21 22 23 24 25 26 27 28 29 30 31 32 33 34 35 36 37 38 39 40 41 42 43 44 45 46 47 48 49 50 51 52 53 54 56 57 58 59 60 61 62 63 64 65 66 67 68 69 70 71 72 73 74 75 76 77 78 79 80 81 82 83 87 88 90 91 92 93 94 95 96 97 98 99 100 101 102 103 104 105 106 107 110 111 112 113 117 118 120 121 122 123 124 125 126 127 128 129 130 131 133 134 135 136 137 141 142 143 147 148 149 150 
c 3 0 58 0 1 2 3 4 5 6 7 8 9 10 11 12 13 14 15 16 17 18 19 20 21 22 23 24 25 26 27 28 30 31 32 33 34 35 36 37 38 39 40 41 42 43 44 45 46 47 48 49 50 51 52 53 54 56 57 58 60 61 62 63 64 65 66 67 68 69 70 71 72 73 74 75 76 77 78 79 80 81 82 83 87 88 90 91 92 93 94 95 96 97 98 99 100 101 102 103 104 105 106 107 110 111 112 113 117 118 120 121 122 123 124 125 126 127 128 129 130 131 134 135 136 137 141 142 143 147 148 149 150 
c 3 0 59 0 1 2 3 4 5 6 7 8 9 10 11 12 13 14 15 16 17 18 20 21 22 23 27 28 29 30 31 32 33 34 35 36 37 38 39 40 41 42 43 44 45 46 47 51 52 53 57 58 59 60 61 62 63 64 65 66 67 68 69 70 71 74 75 76 77 81 82 83 87 88 89 90 91 92 93 94 95 96 97 98 99 100 101 104 105 106 107 111 112 113 117 118 120 121 122 123 124 125 128 129 130 131 135 136 137 141 142 143 147 148 149 150 
c 3 0 60 0 3 4 5 6 9 10 11 12 15 16 17 18 21 22 23 24 27 28 29 30 33 34 35 36 39 40 41 42 45 46 47 51 52 53 57 58 59 60 63 64 65 69 70 71 75 76 77 81 82 83 87 88 89 90 93 94 95 99 100 101 105 106 107 111 112 113 117 118 119 123 124 125 129 130 131 135 136 137 141 142 143 147 148 149 
c 3 0 61 0 3 4 5 6 9 10 11 12 15 16 17 18 21 22 23 24 27 28 29 30 33 34 35 36 39 40 41 42 45 46 47 51 52 53 57 58 59 60 63 64 65 69 70 71 75 76 77 81 82 83 87 88 89 90 93 94 95 99 100 101 105 106 107 111 112 113 117 118 119 123 124 125 129 130 131 135 136 137 141 142 143 147 148 149 
c 3 0 62 0 3 4 5 6 9 10 11 12 15 16 17 18 21 22 23 24 27 28 29 30 33 34 35 36 39 40 41 42 45 46 47 51 52 53 57 58 59 60 63 64 65 69 70 71 75 76 77 81 82 83 87 88 89 90 93 94 95 99 100 101 105 106 107 111 112 113 117 118 119 123 124 125 129 130 131 135 136 137 141 142 143 147 148 149 
c 3 0 63 0 1 2 3 4 5 6 7 8 9 10 11 12 15 16 17 18 21 22 23 24 27 28 29 30 31 32 33 34 35 36 38 39 40 41 42 45 46 47 48 51 52 53 57 58 59 60 61 62 63 64 65 66 68 69 70 71 75 76 77 81 82 83 87 88 89 90 91 92 93 94 95 96 98 99 100 101 105 106 107 111 112 113 117 118 119 120 121 122 123 124 125 129 130 131 135 136 137 141 142 143 147 148 149 150 
c 3 0 64 0 1 2 3 4 5 6 7 8 9 10 11 12 15 16 17 18 21 22 23 24 27 28 29 30 31 32 33 34 35 36 37 38 39 40 41 42 45 46 47 48 51 52 53 57 58 59 60 61 62 63 64 65 66 67 69 70 71 75 76 77 81 82 83 87 88 89 90 91 92 93 94 95 99 100 101 105 106 107 111 112 113 117 118 119 120 121 122 123 124 125 129 130 131 135 136 137 141 142 143 147 148 149 150 
c 3 0 65 0 1 2 3 4 5 6 7 9 10 11 12 15 16 17 18 21 22 23 24 27 28 29 30 31 32 33 34 35 36 39 40 41 42 45 46 47 51 52 53 57 58 59 60 61 62 63 64 65 66 69 70 71 75 76 77 81 82 83 87 88 89 90 91 92 93 94 95 99 100 101 105 106 107 111 112 113 117 118 119 120 122 123 124 125 129 130 131 135 136 137 141 142 143 147 148 149 150 
c 3 0 66 5 10 11 16 17 21 22 23 27 28 29 34 35 40 41 45 46 47 51 52 53 57 58 59 64 65 70 71 75 76 77 81 82 83 87 88 89 94 95 100 101 105 106 107 111 112 113 117 118 119 124 125 130 131 135 136 137 141 142 143 147 148 149 
c 3 0 67 4 5 10 11 15 16 17 21 22 23 27 28 29 34 35 39 40 41 45 46 47 51 52 53 57 58 59 64 65 69 70 71 75 76 77 81 82 83 87 88 89 94 95 99 100 101 105 106 107 111 112 113 117 118 119 123 124 125 129 130 131 135 136 137 141 142 143 147 148 149 
c 3 0 68 3 4 5 9 10 11 15 16 17 21 22 23 27 28 29 33 34 35 39 40 41 45 46 47 51 52 53 57 58 59 63 64 65 69 70 71 75 76 77 81 82 83 87 88 89 93 94 95 99 100 101 105 106 107 111 112 113 117 118 119 123 124 125 129 130 131 135 136 137 141 142 143 147 148 149 
c 3 0 69 0 1 2 3 4 5 6 7 8 9 10 11 12 13 15 16 17 18 21 22 23 24 27 28 29 30 31 32 33 34 35 36 37 38 39 40 41 42 43 45 46 47 48 51 52 53 57 58 59 60 61 62 63 64 65 66 67 68 69 70 71 72 75 76 77 81 82 83 87 88 89 90 91 92 93 94 95 96 97 98 99 100 101 105 106 107 111 112 113 117 118 119 120 121 122 123 124 125 128 129 130 131 135 136 137 141 142 143 147 148 149 150 
c 3 0 70 0 1 2 3 4 5 6 7 8 9 10 11 12 13 14 15 16 17 18 19 20 21 22 23 24 27 28 29 30 31 32 33 34 35 36 37 38 39 40 41 42 43 44 45 46 47 48 51 52 53 57 58 59 60 61 62 63 64 65 66 67 68 69 70 71 72 74 75 76 77 81 82 83 87 88 90 91 92 93 94 95 96 97 98 99 100 101 104 105 106 107 111 112 113 117 118 120 121 122 123 124 125 126 127 128 129 130 131 135 136 137 141 142 143 147 148 149 150 
c 3 0 71 0 1 2 3 4 5 6 7 8 9 10 11 12 15 16 17 18 21 22 23 24 27 28 29 30 31 32 33 34 35 36 37 38 39 40 41 42 45 46 47 51 52 53 57 58 59 60 61 62 63 64 65 66 68 69 70 71 75 76 77 81 82 83 87 88 89 90 91 92 93 94 95 96 98 99 100 101 105 106 107 111 112 113 117 118 120 121 122 123 124 125 129 130 131 135 136 137 141 142 143 147 148 149 150 
c 3 0 72 11 16 17 22 23 28 29 35 41 46 47 52 53 57 58 59 65 71 76 77 82 83 87 88 89 95 100 101 106 107 112 113 118 119 125 130 131 136 137 142 143 148 149 
c 3 0 73 5 10 11 16 17 21 22 23 27 28 29 34 35 40 41 45 46 47 51 52 53 57 58 59 64 65 70 71 75 76 77 81 82 83 87 88 89 94 95 100 101 105 106 107 111 112 113 117 118 119 124 125 130 131 135 136 137 141 142 143 147 148 149 
c 3 0 74 4 5 9 10 11 15 16 17 21 22 23 27 28 29 33 34 35 39 40 41 45 46 47 51 52 53 57 58 59 63 64 65 69 70 71 75 76 77 81 82 83 87 88 89 93 94 95 99 100 101 105 106 107 111 112 113 117 118 119 123 124 125 129 130 131 135 136 137 141 142 143 147 148 149 
c 3 0 75 0 1 2 3 4 5 6 7 8 9 10 11 12 13 14 15 16 17 18 19 20 21 22 23 24 26 27 28 29 30 31 32 33 34 35 36 37 38 39 40 41 42 43 44 45 46 47 48 50 51 52 53 54 57 58 59 60 61 62 63 64 65 66 67 68 69 70 71 72 74 75 76 77 78 80 81 82 83 87 88 90 91 92 93 94 95 96 97 98 99 100 101 102 104 105 106 107 111 112 113 117 118 120 121 122 123 124 125 126 127 128 129 130 131 134 135 136 137 141 142 143 147 148 149 150 
c 3 0 76 0 1 2 3 4 5 6 7 8 9 10 11 12 13 14 15 16 17 18 19 20 21 22 23 24 26 27 28 29 30 31 32 33 34 35 36 37 38 39 40 41 42 43 44 45 46 47 48 50 51 52 53 57 58 59 60 61 62 63 64 65 66 67 68 69 70 71 72 73 74 75 76 77 81 82 83 87 88 90 91 92 93 94 95 96 97 98 99 100 101 102 103 104 105 106 107 111 112 113 117 118 120 121 122 123 124 125 126 127 128 129 130 131 134 135 136 137 141 142 143 147 148 149 150 
c 3 0 77 0 1 2 3 4 5 6 7 8 9 10 11 12 13 14 15 16 17 18 20 21 22 23 24 27 28 29 30 31 32 33 34 35 36 37 38 39 40 41 42 44 45 46 47 51 52 53 57 58 59 60 61 62 63 64 65 66 67 68 69 70 71 74 75 76 77 81 82 83 87 88 90 91 92 93 94 95 96 97 98 99 100 101 104 105 106 107 111 112 113 117 118 120 121 122 123 124 125 128 129 130 131 135 136 137 141 142 143 147 148 149 150 
c 3 0 78 17 23 28 29 41 47 52 53 58 59 77 82 83 88 89 101 107 112 113 118 119 131 137 143 149 
c 3 0 79 11 16 17 22 23 28 29 35 40 41 46 47 52 53 57 58 59 65 70 71 76 77 82 83 87 88 89 95 100 101 106 107 112 113 118 119 125 130 131 136 137 142 143 148 149 
c 3 0 80 4 5 10 11 15 16 17 21 22 23 27 28 29 34 35 39 40 41 45 46 47 51 52 53 57 58 59 64 65 69 70 71 75 76 77 81 82 83 87 88 89 94 95 99 100 101 105 106 107 111 112 113 117 118 119 123 124 125 129 130 131 135 136 137 141 142 143 147 148 149 
c 3 0 81 0 1 2 3 4 5 6 7 8 9 10 11 12 13 14 15 16 17 18 19 20 21 22 23 24 26 27 28 29 30 31 32 33 34 35 36 37 38 39 40 41 42 43 44 45 46 47 48 49 50 51 52 53 54 57 58 59 60 61 62 63 64 65 66 67 68 69 70 71 72 73 74 75 76 77 78 80 81 82 83 87 88 90 91 92 93 94 95 96 97 98 99 100 101 102 103 104 105 106 107 110 111 112 113 117 118 120 121 122 123 124 125 126 127 128 129 130 131 134 135 136 137 141 142 143 147 148 149 150 
c 3 0 82 0 1 2 3 4 5 6 7 8 9 10 11 12 13 14 15 16 17 18 19 20 21 22 23 24 25 26 27 28 30 31 32 33 34 35 36 37 38 39 40 41 42 43 44 45 46 47 48 49 50 51 52 53 56 57 58 60 61 62 63 64 65 66 67 68 69 70 71 72 73 74 75 76 77 78 80 81 82 83 87 88 90 91 92 93 94 95 96 97 98 99 100 101 102 103 104 105 106 107 110 111 112 113 117 118 120 121 122 123 124 125 126 127 128 129 130 131 134 135 136 137 141 142 143 147 148 149 150 
c 3 0 83 0 1 2 3 4 5 6 7 8 9 10 11 12 13 14 15 16 17 18 20 21 22 23 24 27 28 29 30 31 32 33 34 35 36 37 38 39 40 41 42 43 44 45 46 47 50 51 52 53 57 58 59 60 61 62 63 64 65 66 67 68 69 70 71 72 74 75 76 77 81 82 83 87 88 90 91 92 93 94 95 96 97 98 99 100 101 104 105 106 107 111 112 113 117 118 120 121 122 123 124 125 126 127 128 129 130 131 135 136 137 141 142 143 147 148 149 150 
c 3 0 84 29 53 59 83 89 
c 3 0 85 17 22 23 28 29 41 47 52 53 58 59 71 76 77 82 83 88 89 101 106 107 112 113 118 119 131 137 143 149 
c 3 0 86 5 10 11 16 17 21 22 23 27 28 29 34 35 40 41 45 46 47 51 52 53 57 58 59 64 65 70 71 75 76 77 81 82 83 87 88 89 94 95 100 101 105 106 107 111 112 113 117 118 119 124 125 130 131 135 136 137 141 142 143 147 148 149 
c 3 0 87 0 1 2 3 4 5 6 7 8 9 10 11 12 13 14 15 16 17 18 19 20 21 22 23 24 25 26 27 28 30 31 32 33 34 35 36 37 38 39 40 41 42 43 44 45 46 47 48 49 50 51 52 53 54 56 57 58 60 61 62 63 64 65 66 67 68 69 70 71 72 73 74 75 76 77 78 79 80 81 82 83 86 87 88 90 91 92 93 94 95 96 97 98 99 100 101 102 103 104 105 106 107 110 111 112 113 117 118 120 121 122 123 124 125 126 127 128 129 130 131 132 133 134 135 136 137 140 141 142 143 147 148 149 150 
c 3 0 88 0 1 2 3 4 5 6 7 8 9 10 11 12 13 14 15 16 17 18 19 20 21 22 23 24 25 26 27 28 30 31 32 33 34 35 36 37 38 39 40 41 42 43 44 45 46 47 48 49 50 51 52 53 54 56 57 58 60 61 62 63 64 65 66 67 68 69 70 71 72 73 74 75 76 77 78 79 80 81 82 83 86 87 88 90 91 92 93 94 95 96 97 98 99 100 101 102 103 104 105 106 107 110 111 112 113 116 117 118 120 121 122 123 124 125 126 127 128 129 130 131 132 133 134 135 136 137 140 141 142 143 147 148 150 
c 3 0 89 0 1 2 3 4 5 6 7 8 9 10 11 12 13 14 15 16 17 18 19 20 21 22 23 24 26 27 28 29 30 31 32 33 34 35 36 37 38 39 40 41 42 43 44 45 46 47 48 49 50 51 52 53 56 57 58 59 60 61 62 63 64 65 66 67 68 69 70 71 72 73 74 75 76 77 80 81 82 83 87 88 90 91 92 93 94 95 96 97 98 99 100 101 102 103 104 105 106 107 110 111 112 113 117 118 120 121 122 123 124 125 126 127 128 129 130 131 134 135 136 137 141 142 143 147 148 150 
c 3 0 90 0 3 4 5 6 9 10 11 12 15 16 17 18 21 22 23 24 27 28 29 30 33 34 35 36 39 40 41 42 45 46 47 51 52 53 57 58 59 60 63 64 65 69 70 71 75 76 77 81 82 83 87 88 89 90 93 94 95 99 100 101 105 106 107 111 112 113 117 118 119 123 124 125 129 130 131 135 136 137 141 142 143 147 148 149 
c 3 0 91 0 3 4 5 6 9 10 11 12 15 16 17 18 21 22 23 24 27 28 29 30 33 34 35 36 39 40 41 42 45 46 47 51 52 53 57 58 59 60 63 64 65 69 70 71 75 76 77 81 82 83 87 88 89 90 93 94 95 99 100 101 105 106 107 111 112 113 117 118 119 123 124 125 129 130 131 135 136 137 141 142 143 147 148 149 
c 3 0 92 0 3 4 5 6 9 10 11 12 15 16 17 18 21 22 23 24 27 28 29 30 33 34 35 36 39 40 41 42 45 46 47 51 52 53 57 58 59 60 63 64 65 69 70 71 75 76 77 81 82 83 87 88 89 90 93 94 95 99 100 101 105 106 107 111 112 113 117 118 119 123 124 125 129 130 131 135 136 137 141 142 143 147 148 149 
c 3 0 93 0 1 2 3 4 5 6 7 8 9 10 11 12 13 15 16 17 18 21 22 23 24 27 28 29 30 31 32 33 34 35 36 37 38 39 40 41 42 43 45 46 47 48 51 52 53 57 58 59 60 61 62 63 64 65 66 67 68 69 70 71 72 75 76 77 81 82 83 87 88 89 90 91 92 93 94 95 96 98 99 100 101 105 106 107 111 112 113 117 118 119 120 121 122 123 124 125 128 129 130 131 135 136 137 141 142 143 147 148 149 150 
c 3 0 94 0 1 2 3 4 5 6 7 8 9 10 11 12 13 14 15 16 17 18 20 21 22 23 24 27 28 29 30 31 32 33 34 35 36 37 38 39 40 41 42 43 44 45 46 47 48 51 52 53 57 58 59 60 61 62 63 64 65 66 67 68 69 70 71 72 74 75 76 77 81 82 83 87 88 89 90 91 92 93 94 95 96 97 98 99 100 101 105 106 107 111 112 113 117 118 119 120 121 122 123 124 125 128 129 130 131 135 136 137 141 142 143 147 148 149 150 
c 3 0 95 0 1 2 3 4 5 6 7 8 9 10 11 12 14 15 16 17 18 21 22 23 24 27 28 29 30 31 32 33 34 35 36 37 38 39 40 41 42 44 45 46 47 51 52 53 57 58 59 60 61 62 63 64 65 66 67 68 69 70 71 75 76 77 81 82 83 87 88 89 90 91 92 93 94 95 96 98 99 100 101 105 106 107 111 112 113 117 118 119 120 121 122 123 124 125 128 129 130 131 135 136 137 141 142 143 147 148 149 150 
c 3 0 96 5 10 11 16 17 21 22 23 27 28 29 35 40 41 46 47 51 52 53 57 58 59 64 65 70 71 76 77 81 82 83 87 88 89 94 95 100 101 105 106 107 111 112 113 117 118 119 124 125 130 131 136 137 142 143 148 149 
c 3 0 97 4 5 10 11 15 16 17 21 22 23 27 28 29 34 35 39 40 41 45 46 47 51 52 53 57 58 59 64 65 69 70 71 75 76 77 81 82 83 87 88 89 94 95 99 100 101 105 106 107 111 112 113 117 118 119 123 124 125 129 130 131 135 136 137 141 142 143 147 148 149 
c 3 0 98 3 4 5 9 10 11 15 16 17 21 22 23 27 28 29 33 34 35 39 40 41 45 46 47 51 52 53 57 58 59 63 64 65 69 70 71 75 76 77 81 82 83 87 88 89 93 94 95 99 100 101 105 106 107 111 112 113 117 118 119 123 124 125 129 130 131 135 136 137 141 142 143 147 148 149 
c 3 0 99 0 1 2 3 4 5 6 7 8 9 10 11 12 13 14 15 16 17 18 20 21 22 23 24 27 28 29 30 31 32 33 34 35 36 37 38 39 40 41 42 43 44 45 46 47 48 51 52 53 57 58 59 60 61 62 63 64 65 66 67 68 69 70 71 72 74 75 76 77 81 82 83 87 88 90 91 92 93 94 95 96 97 98 99 100 101 102 105 106 107 111 112 113 117 118 120 121 122 123 124 125 126 127 128 129 130 131 135 136 137 141 142 143 147 148 149 150 
c 3 0 100 0 1 2 3 4 5 6 7 8 9 10 11 12 13 14 15 16 17 18 19 20 21 22 23 24 27 28 29 30 31 32 33 34 35 36 37 38 39 40 41 42 43 44 45 46 47 48 50 51 52 53 57 58 59 60 61 62 63 64 65 66 67 68 69 70 71 72 73 74 75 76 77 81 82 83 87 88 90 91 92 93 94 95 96 97 98 99 100 101 104 105 106 107 111 112 113 117 118 120 121 122 123 124 125 126 127 128 129 130 131 135 136 137 141 142 143 147 148 149 150 
c 3 0 101 0 1 2 3 4 5 6 7 8 9 10 11 12 13 14 15 16 17 18 21 22 23 24 27 28 29 30 31 32 33 34 35 36 37 38 39 40 41 42 43 44 45 46 47 51 52 53 57 58 59 60 61 62 63 64 65 66 67 68 69 70 71 72 75 76 77 81 82 83 87 88 90 91 92 93 94 95 96 97 98 99 100 101 105 106 107 111 112 113 117 118 120 121 122 123 124 125 128 129 130 131 135 136 137 141 142 143 147 148 149 150 
c 3 0 102 11 17 22 23 28 29 41 46 47 52 53 58 59 71 76 77 82 83 88 89 101 106 107 112 113 118 119 131 136 137 142 143 148 149 
c 3 0 103 5 10 11 16 17 22 23 27 28 29 35 40 41 46 47 51 52 53 57 58 59 65 70 71 76 77 81 82 83 87 88 89 95 100 101 105 106 107 111 112 113 117 118 119 124 125 130 131 136 137 142 143 148 149 
c 3 0 104 4 5 9 10 11 15 16 17 21 22 23 27 28 29 34 35 39 40 41 45 46 47 51 52 53 57 58 59 63 64 65 69 70 71 75 76 77 81 82 83 87 88 89 93 94 95 99 100 101 105 106 107 111 112 113 117 118 119 123 124 125 129 130 131 135 136 137 141 142 143 147 148 149 
c 3 0 105 0 1 2 3 4 5 6 7 8 9 10 11 12 13 14 15 16 17 18 19 20 21 22 23 24 26 27 28 29 30 31 32 33 34 35 36 37 38 39 40 41 42 43 44 45 46 47 48 49 50 51 52 53 54 57 58 59 60 61 62 63 64 65 66 67 68 69 70 71 72 73 74 75 76 77 78 80 81 82 83 87 88 90 91 92 93 94 95 96 97 98 99 100 101 102 104 105 106 107 110 111 112 113 117 118 120 121 122 123 124 125 126 127 128 129 130 131 134 135 136 137 141 142 143 147 148 149 150 
c 3 0 106 0 1 2 3 4 5 6 7 8 9 10 11 12 13 14 15 16 17 18 19 20 21 22 23 24 25 26 27 28 29 30 31 32 33 34 35 36 37 38 39 40 41 42 43 44 45 46 47 48 49 50 51 52 53 54 56 57 58 59 60 61 62 63 64 65 66 67 68 69 70 71 72 73 74 75 76 77 78 80 81 82 83 87 88 90 91 92 93 94 95 96 97 98 99 100 101 102 103 104 105 106 107 110 111 112 113 117 118 120 121 122 123 124 125 126 127 128 129 130 131 134 135 136 137 141 142 143 147 148 149 150 
c 3 0 107 0 1 2 3 4 5 6 7 8 9 10 11 12 13 14 15 16 17 18 19 20 21 22 23 24 27 28 29 30 31 32 33 34 35 36 37 38 39 40 41 42 43 44 45 46 47 48 50 51 52 53 57 58 59 60 61 62 63 64 65 66 67 68 69 70 71 72 73 74 75 76 77 81 82 83 87 88 90 91 92 93 94 95 96 97 98 99 100 101 104 105 106 107 111 112 113 117 118 120 121 122 123 124 125 126 127 128 129 130 131 134 135 136 137 141 142 143 147 148 149 150 
c 3 0 108 23 29 47 53 58 59 77 83 89 107 113 119 
c 3 0 109 11 17 22 23 28 29 41 46 47 52 53 58 59 71 76 77 82 83 88 89 101 106 107 112 113 118 119 125 131 137 143 149 
c 3 0 110 4 5 10 11 16 17 21 22 23 27 28 29 34 35 40 41 45 46 47 51 52 53 57 58 59 64 65 70 71 75 76 77 81 82 83 87 88 89 94 95 99 100 101 105 106 107 111 112 113 117 118 119 124 125 129 130 131 135 136 137 141 142 143 147 148 149 
c 3 0 111 0 1 2 3 4 5 6 7 8 9 10 11 12 13 14 15 16 17 18 19 20 21 22 23 24 25 26 27 28 29 30 31 32 33 34 35 36 37 38 39 40 41 42 43 44 45 46 47 48 49 50 51 52 53 54 56 57 58 59 60 61 62 63 64 65 66 67 68 69 70 71 72 73 74 75 76 77 78 79 80 81 82 83 86 87 88 90 91 92 93 94 95 96 97 98 99 100 101 102 103 104 105 106 107 110 111 112 113 117 118 120 121 122 123 124 125 126 127 128 129 130 131 132 133 134 135 136 137 141 142 143 147 148 149 150 
c 3 0 112 0 1 2 3 4 5 6 7 8 9 10 11 12 13 14 15 16 17 18 19 20 21 22 23 24 25 26 27 28 30 31 32 33 34 35 36 37 38 39 40 41 42 43 44 45 46 47 48 49 50 51 52 53 54 55 56 57 58 60 61 62 63 64 65 66 67 68 69 70 71 72 73 74 75 76 77 78 79 80 81 82 83 86 87 88 90 91 92 93 94 95 96 97 98 99 100 101 102 103 104 105 106 107 109 110 111 112 113 116 117 118 120 121 122 123 124 125 126 127 128 129 130 131 132 133 134 135 136 137 140 141 142 143 147 148 149 150 
c 3 0 113 0 1 2 3 4 5 6 7 8 9 10 11 12 13 14 15 16 17 18 19 20 21 22 23 24 26 27 28 29 30 31 32 33 34 35 36 37 38 39 40 41 42 43 44 45 46 47 48 49 50 51 52 53 56 57 58 59 60 61 62 63 64 65 66 67 68 69 70 71 72 73 74 75 76 77 78 80 81 82 83 87 88 90 91 92 93 94 95 96 97 98 99 100 101 102 103 104 105 106 107 110 111 112 113 117 118 120 121 122 123 124 125 126 127 128 129 130 131 134 135 136 137 141 142 143 147 148 150 
c 3 0 114 29 53 59 
c 3 0 115 17 23 28 29 41 47 52 53 58 59 77 82 83 88 89 101 107 113 119 
c 3 0 116 5 10 11 16 17 21 22 23 27 28 29 35 40 41 46 47 51 52 53 57 58 59 65 70 71 75 76 77 81 82 83 87 88 89 94 95 100 101 105 106 107 111 112 113 117 118 119 124 125 130 131 136 137 142 143 148 149 
c 3 0 117 0 1 2 3 4 5 6 7 8 9 10 11 12 13 14 15 16 17 18 19 20 21 22 23 24 25 26 27 28 30 31 32 33 34 35 36 37 38 39 40 41 42 43 44 45 46 47 48 49 50 51 52 53 54 55 56 57 58 60 61 62 63 64 65 66 67 68 69 70 71 72 73 74 75 76 77 78 79 80 81 82 83 84 85 86 87 88 90 91 92 93 94 95 96 97 98 99 100 101 102 103 104 105 106 107 108 109 110 111 112 113 116 117 118 120 121 122 123 124 125 126 127 128 129 130 131 132 133 134 135 136 137 140 141 142 143 146 147 148 149 150 
c 3 0 118 0 1 2 3 4 5 6 7 8 9 10 11 12 13 14 15 16 17 18 19 20 21 22 23 24 25 26 27 28 30 31 32 33 34 35 36 37 38 39 40 41 42 43 44 45 46 47 48 49 50 51 52 53 54 55 56 57 58 60 61 62 63 64 65 66 67 68 69 70 71 72 73 74 75 76 77 78 79 80 81 82 83 84 85 86 87 88 90 91 92 93 94 95 96 97 98 99 100 101 102 103 104 105 106 107 108 109 110 111 112 113 116 117 118 120 121 122 123 124 125 126 127 128 129 130 131 132 133 134 135 136 137 139 140 141 142 146 147 148 150 
c 3 0 119 0 1 2 3 4 5 6 7 8 9 10 11 12 13 14 15 16 17 18 19 20 21 22 23 24 25 26 27 28 30 31 32 33 34 35 36 37 38 39 40 41 42 43 44 45 46 47 48 49 50 51 52 53 54 55 56 57 58 60 61 62 63 64 65 66 67 68 69 70 71 72 73 74 75 76 77 78 79 80 81 82 83 86 87 88 90 91 92 93 94 95 96 97 98 99 100 101 102 103 104 105 106 107 109 110 111 112 113 116 117 118 120 121 122 123 124 125 126 127 128 129 130 131 132 133 134 135 136 137 140 141 142 143 147 148 150 
c 3 0 120 0 3 4 5 6 9 10 11 12 15 16 17 18 21 22 23 24 27 28 29 30 33 34 35 36 39 40 41 42 45 46 47 51 52 53 57 58 59 60 63 64 65 69 70 71 75 76 77 81 82 83 87 88 89 90 93 94 95 99 100 101 105 106 107 111 112 113 117 118 119 123 124 125 129 130 131 135 136 137 141 142 143 147 148 149 
c 3 0 121 0 3 4 5 6 9 10 11 12 15 16 17 18 21 22 23 24 27 28 29 30 33 34 35 36 39 40 41 42 45 46 47 51 52 53 57 58 59 60 63 64 65 69 70 71 75 76 77 81 82 83 87 88 89 90 93 94 95 99 100 101 105 106 107 111 112 113 117 118 119 123 124 125 129 130 131 135 136 137 141 142 143 147 148 149 
c 3 0 122 0 3 4 5 6 9 10 11 12 15 16 17 18 21 22 23 24 27 28 29 30 33 34 35 36 39 40 41 42 45 46 47 51 52 53 57 58 59 60 63 64 65 69 70 71 75 76 77 81 82 83 87 88 89 90 93 94 95 99 100 101 105 106 107 111 112 113 117 118 119 123 124 125 129 130 131 135 136 137 141 142 143 147 148 149 
c 3 0 123 0 1 2 3 4 5 6 7 8 9 10 11 12 13 15 16 17 18 21 22 23 24 27 28 29 30 31 32 33 34 35 36 37 38 39 40 41 42 43 45 46 47 48 51 52 53 57 58 59 60 61 62 63 64 65 66 67 68 69 70 71 72 75 76 77 81 82 83 87 88 89 90 91 92 93 94 95 96 98 99 100 101 105 106 107 111 112 113 117 118 119 120 121 122 123 124 125 128 129 130 131 135 136 137 141 142 143 147 148 149 150 
c 3 0 124 0 1 2 3 4 5 6 7 8 9 10 11 12 13 14 15 16 17 18 20 21 22 23 24 27 28 29 30 31 32 33 34 35 36 37 38 39 40 41 42 43 44 45 46 47 48 51 52 53 57 58 59 60 61 62 63 64 65 66 67 68 69 70 71 72 74 75 76 77 81 82 83 87 88 89 90 91 92 93 94 95 96 97 98 99 100 101 104 105 106 107 111 112 113 117 118 119 120 121 122 123 124 125 127 128 129 130 131 135 136 137 141 142 143 147 148 149 150 
c 3 0 125 0 1 2 3 4 5 6 7 8 9 10 11 12 13 14 15 16 17 18 21 22 23 24 27 28 29 30 31 32 33 34 35 36 37 38 39 40 41 42 44 45 46 47 48 51 52 53 57 58 59 60 61 62 63 64 65 66 67 68 69 70 71 74 75 76 77 81 82 83 87 88 89 90 91 92 93 94 95 96 97 98 99 100 101 105 106 107 111 112 113 117 118 119 120 121 122 123 124 125 128 129 130 131 135 136 137 141 142 143 147 148 149 150 
c 3 0 126 5 10 11 16 17 22 23 27 28 29 35 40 41 46 47 51 52 53 57 58 59 65 70 71 76 77 81 82 83 87 88 89 95 100 101 105 106 107 111 112 113 117 118 119 125 130 131 136 137 142 143 148 149 
c 3 0 127 4 5 10 11 15 16 17 21 22 23 27 28 29 34 35 39 40 41 45 46 47 51 52 53 57 58 59 64 65 69 70 71 75 76 77 81 82 83 87 88 89 94 95 99 100 101 105 106 107 111 112 113 117 118 119 124 125 129 130 131 135 136 137 141 142 143 147 148 149 
c 3 0 128 3 4 5 9 10 11 15 16 17 21 22 23 27 28 29 33 34 35 39 40 41 45 46 47 51 52 53 57 58 59 63 64 65 69 70 71 75 76 77 81 82 83 87 88 89 93 94 95 99 100 101 105 106 107 111 112 113 117 118 119 123 124 125 129 130 131 135 136 137 141 142 143 147 148 149 
c 3 0 129 0 1 2 3 4 5 6 7 8 9 10 11 12 13 14 15 16 17 18 19 20 21 22 23 24 26 27 28 29 30 31 32 33 34 35 36 37 38 39 40 41 42 43 44 45 46 47 48 50 51 52 53 54 57 58 59 60 61 62 63 64 65 66 67 68 69 70 71 72 73 74 75 76 77 78 80 81 82 83 87 88 90 91 92 93 94 95 96 97 98 99 100 101 102 104 105 106 107 111 112 113 117 118 120 121 122 123 124 125 126 127 128 129 130 131 134 135 136 137 141 142 143 147 148 149 150 
c 3 0 130 0 1 2 3 4 5 6 7 8 9 10 11 12 13 14 15 16 17 18 19 20 21 22 23 24 26 27 28 29 30 31 32 33 34 35 36 37 38 39 40 41 42 43 44 45 46 47 48 49 50 51 52 53 54 57 58 59 60 61 62 63 64 65 66 67 68 69 70 71 72 73 74 75 76 77 78 80 81 82 83 87 88 90 91 92 93 94 95 96 97 98 99 100 101 102 103 104 105 106 107 111 112 113 117 118 120 121 122 123 124 125 126 127 128 129 130 131 134 135 136 137 141 142 143 147 148 149 150 
c 3 0 131 0 1 2 3 4 5 6 7 8 9 10 11 12 13 14 15 16 17 18 19 20 21 22 23 24 26 27 28 29 30 31 32 33 34 35 36 37 38 39 40 41 42 43 44 45 46 47 48 50 51 52 53 57 58 59 60 61 62 63 64 65 66 67 68 69 70 71 72 73 74 75 76 77 80 81 82 83 87 88 90 91 92 93 94 95 96 97 98 99 100 101 102 104 105 106 107 111 112 113 117 118 120 121 122 123 124 125 126 127 128 129 130 131 134 135 136 137 141 142 143 147 148 149 150 
c 3 0 132 11 17 22 23 28 29 41 46 47 52 53 58 59 71 76 77 82 83 88 89 101 106 107 112 113 118 119 125 131 137 143 149 
c 3 0 133 5 10 11 16 17 22 23 27 28 29 35 40 41 46 47 51 52 53 57 58 59 65 70 71 76 77 81 82 83 87 88 89 95 100 101 105 106 107 111 112 113 117 118 119 124 125 130 131 136 137 142 143 148 149 
c 3 0 134 4 5 9 10 11 15 16 17 21 22 23 27 28 29 34 35 39 40 41 45 46 47 51 52 53 57 58 59 63 64 65 69 70 71 75 76 77 81 82 83 87 88 89 93 94 95 99 100 101 105 106 107 111 112 113 117 118 119 123 124 125 129 130 131 135 136 137 141 142 143 147 148 149 
c 3 0 135 0 1 2 3 4 5 6 7 8 9 10 11 12 13 14 15 16 17 18 19 20 21 22 23 24 25 26 27 28 29 30 31 32 33 34 35 36 37 38 39 40 41 42 43 44 45 46 47 48 49 50 51 52 53 54 56 57 58 59 60 61 62 63 64 65 66 67 68 69 70 71 72 73 74 75 76 77 78 79 80 81 82 83 87 88 90 91 92 93 94 95 96 97 98 99 100 101 102 103 104 105 106 107 110 111 112 113 117 118 120 121 122 123 124 125 126 127 128 129 130 131 133 134 135 136 137 141 142 143 147 148 149 150 
c 3 0 136 0 1 2 3 4 5 6 7 8 9 10 11 12 13 14 15 16 17 18 19 20 21 22 23 24 25 26 27 28 30 31 32 33 34 35 36 37 38 39 40 41 42 43 44 45 46 47 48 49 50 51 52 53 54 55 56 57 58 60 61 62 63 64 65 66 67 68 69 70 71 72 73 74 75 76 77 78 79 80 81 82 83 86 87 88 90 91 92 93 94 95 96 97 98 99 100 101 102 103 104 105 106 107 110 111 112 113 117 118 120 121 122 123 124 125 126 127 128 129 130 131 132 133 134 135 136 137 140 141 142 143 147 148 149 150 
c 3 0 137 0 1 2 3 4 5 6 7 8 9 10 11 12 13 14 15 16 17 18 19 20 21 22 23 24 25 26 27 28 30 31 32 33 34 35 36 37 38 39 40 41 42 43 44 45 46 47 48 49 50 51 52 53 56 57 58 59 60 61 62 63 64 65 66 67 68 69 70 71 72 73 74 75 76 77 78 79 80 81 82 83 86 87 88 90 91 92 93 94 95 96 97 98 99 100 101 102 103 104 105 106 107 110 111 112 113 117 118 120 121 122 123 124 125 126 127 128 129 130 131 133 134 135 136 137 140 141 142 143 147 148 149 150 
c 3 0 138 23 29 47 53 58 59 77 83 89 107 113 119 
c 3 0 139 11 17 22 23 28 29 41 46 47 52 53 58 59 71 76 77 82 83 88 89 101 106 107 112 113 118 119 131 137 143 149 
c 3 0 140 5 10 11 16 17 21 22 23 27 28 29 34 35 40 41 45 46 47 51 52 53 57 58 59 64 65 70 71 75 76 77 81 82 83 87 88 89 94 95 99 100 101 105 106 107 111 112 113 117 118 119 124 125 129 130 131 135 136 137 141 142 143 147 148 149 
c 3 0 141 0 1 2 3 4 5 6 7 8 9 10 11 12 13 14 15 16 17 18 19 20 21 22 23 24 25 26 27 28 30 31 32 33 34 35 36 37 38 39 40 41 42 43 44 45 46 47 48 49 50 51 52 53 54 55 56 57 58 60 61 62 63 64 65 66 67 68 69 70 71 72 73 74 75 76 77 78 79 80 81 82 83 86 87 88 90 91 92 93 94 95 96 97 98 99 100 101 102 103 104 105 106 107 108 110 111 112 113 116 117 118 120 121 122 123 124 125 126 127 128 129 130 131 132 133 134 135 136 137 140 141 142 143 146 147 148 149 150 
c 3 0 142 0 1 2 3 4 5 6 7 8 9 10 11 12 13 14 15 16 17 18 19 20 21 22 23 24 25 26 27 28 30 31 32 33 34 35 36 37 38 39 40 41 42 43 44 45 46 47 48 49 50 51 52 53 54 55 56 57 58 60 61 62 63 64 65 66 67 68 69 70 71 72 73 74 75 76 77 78 79 80 81 82 83 84 85 86 87 88 90 91 92 93 94 95 96 97 98 99 100 101 102 103 104 105 106 107 108 109 110 111 112 113 116 117 118 120 121 122 123 124 125 126 127 128 129 130 131 132 133 134 135 136 137 140 141 142 146 147 148 150 
c 3 0 143 0 1 2 3 4 5 6 7 8 9 10 11 12 13 14 15 16 17 18 19 20 21 22 23 24 25 26 27 28 30 31 32 33 34 35 36 37 38 39 40 41 42 43 44 45 46 47 48 49 50 51 52 53 54 55 56 57 58 60 61 62 63 64 65 66 67 68 69 70 71 72 73 74 75 76 77 78 79 80 81 82 83 86 87 88 90 91 92 93 94 95 96 97 98 99 100 101 102 103 104 105 106 107 109 110 111 112 113 116 117 118 120 121 122 123 124 125 126 127 128 129 130 131 132 133 134 135 136 137 140 141 142 143 147 148 150 
c 3 0 144 29 53 59 83 89 
c 3 0 145 23 28 29 47 53 58 59 77 82 83 88 89 107 113 119 
c 3 0 146 11 16 17 22 23 27 28 29 35 40 41 46 47 52 53 57 58 59 65 70 71 76 77 81 82 83 87 88 89 95 100 101 106 107 112 113 118 119 125 130 131 136 137 142 143 148 149 
c 3 0 147 0 1 2 3 4 5 6 7 8 9 10 11 12 13 14 15 16 17 18 19 20 21 22 23 24 25 26 27 28 30 31 32 33 34 35 36 37 38 39 40 41 42 43 44 45 46 47 48 49 50 51 52 53 54 55 56 57 58 60 61 62 63 64 65 66 67 68 69 70 71 72 73 74 75 76 77 78 79 80 81 82 83 84 85 86 87 88 90 91 92 93 94 95 96 97 98 99 100 101 102 103 104 105 106 107 108 109 110 111 112 113 116 117 118 120 121 122 123 124 125 126 127 128 129 130 131 132 133 134 135 136 137 138 139 140 141 142 146 147 148 150 
c 3 0 148 0 1 2 3 4 5 6 7 8 9 10 11 12 13 14 15 16 17 18 19 20 21 22 23 24 25 26 27 28 30 31 32 33 34 35 36 37 38 39 40 41 42 43 44 45 46 47 48 49 50 51 52 53 54 55 56 57 58 60 61 62 63 64 65 66 67 68 69 70 71 72 73 74 75 76 77 78 79 80 81 82 84 85 86 87 88 90 91 92 93 94 95 96 97 98 99 100 101 102 103 104 105 106 107 108 109 110 111 112 115 116 117 118 120 121 122 123 124 125 126 127 128 129 130 131 132 133 134 135 136 137 138 139 140 141 142 146 147 148 150 
c 3 0 149 0 1 2 3 4 5 6 7 8 9 10 11 12 13 14 15 16 17 18 19 20 21 22 23 24 25 26 27 28 30 31 32 33 34 35 36 37 38 39 40 41 42 43 44 45 46 47 48 49 50 51 52 53 54 55 56 57 58 60 61 62 63 64 65 66 67 68 69 70 71 72 73 74 75 76 77 78 79 80 81 82 83 84 85 86 87 88 90 91 92 93 94 95 96 97 98 99 100 101 102 103 104 105 106 107 108 109 110 111 112 116 117 118 120 121 122 123 124 125 126 127 128 129 130 131 132 133 134 135 136 137 139 140 141 142 146 147 148 150 
c 3 0 150 0 1 3 4 5 6 9 10 11 12 15 16 17 18 21 22 23 24 27 28 29 30 31 33 34 35 36 39 40 41 42 45 46 47 51 52 53 57 58 59 60 63 64 65 69 70 71 75 76 77 81 82 83 87 88 89 90 93 94 95 99 100 101 105 106 107 111 112 113 117 118 119 123 124 125 129 130 131 135 136 137 141 142 143 147 148 149 
c 3 2 0 16 17 22 23 28 29 41 46 47 52 53 58 59 71 77 83 89 
c 3 2 1 16 17 22 23 28 29 41 46 47 52 53 58 59 71 77 83 89 
c 3 2 2 16 17 22 23 28 29 41 46 47 52 53 58 59 71 77 83 89 
c 3 2 3 11 16 17 21 22 23 27 28 29 40 41 46 47 52 53 58 59 70 71 76 77 82 83 88 89 
c 3 2 4 10 11 15 16 17 21 22 23 27 28 29 35 40 41 45 46 47 51 52 53 57 58 59 65 70 71 76 77 82 83 88 89 95 101 107 113 119 
c 3 2 5 4 5 9 10 11 15 16 17 21 22 23 27 28 29 34 35 39 40 41 45 46 47 51 52 53 57 58 59 64 65 69 70 71 75 76 77 81 82 83 87 88 89 94 95 100 101 106 107 112 113 118 119 
c 3 2 6 22 23 28 29 47 52 53 58 59 77 83 89 
c 3 2 7 17 22 23 28 29 47 52 53 58 59 77 83 89 
c 3 2 8 17 22 23 28 29 46 47 52 53 58 59 71 77 83 89 
c 3 2 9 10 11 15 16 17 21 22 23 27 28 29 35 40 41 45 46 47 51 52 53 57 58 59 65 70 71 76 77 82 83 88 89 95 101 107 113 119 
c 3 2 10 3 4 5 9 10 11 15 16 17 21 22 23 27 28 29 33 34 35 39 40 41 45 46 47 51 52 53 57 58 59 63 64 65 69 70 71 75 76 77 81 82 83 87 88 89 93 94 95 99 100 101 105 106 107 111 112 113 117 118 119 
c 3 2 11 0 1 2 3 4 5 8 9 10 11 15 16 17 21 22 23 27 28 29 30 31 32 33 34 35 38 39 40 41 45 46 47 51 52 53 57 58 59 60 61 62 63 64 65 68 69 70 71 75 76 77 81 82 83 87 88 89 90 91 92 93 94 95 97 98 99 100 101 103 104 105 106 107 109 110 111 112 113 115 116 117 118 119 120 121 122 123 124 125 126 127 128 129 130 131 132 133 134 135 136 137 138 139 140 141 142 143 144 145 146 147 148 149 150 
c 3 2 12 23 28 29 53 59 
c 3 2 13 23 28 29 47 52 53 58 59 
c 3 2 14 17 22 23 28 29 47 52 53 58 59 77 83 89 
c 3 2 15 5 10 11 15 16 17 21 22 23 27 28 29 34 35 39 40 41 45 46 47 51 52 53 57 58 59 64 65 69 70 71 75 76 77 81 82 83 87 88 89 94 95 100 101 106 107 112 113 118 119 
c 3 2 16 0 1 2 3 4 5 8 9 10 11 15 16 17 21 22 23 27 28 29 30 31 32 33 34 35 38 39 40 41 45 46 47 51 52 53 57 58 59 60 61 62 63 64 65 68 69 70 71 75 76 77 81 82 83 87 88 89 90 91 92 93 94 95 96 97 98 99 100 101 102 103 104 105 106 107 108 109 110 111 112 113 114 115 116 117 118 119 120 121 122 123 124 125 126 127 128 129 130 131 132 133 134 135 136 137 138 139 140 141 142 143 144 145 146 147 148 149 150 
c 3 2 17 0 1 2 3 4 5 6 7 8 9 10 11 13 14 15 16 17 20 21 22 23 26 27 28 30 31 32 33 34 35 36 37 38 39 40 41 43 44 45 46 47 50 51 52 53 56 57 58 60 61 62 63 64 65 66 67 68 69 70 71 73 74 75 76 77 79 80 81 82 83 85 86 87 88 89 90 91 92 93 94 95 96 97 98 99 100 101 102 103 104 105 106 107 108 109 110 111 112 113 114 115 116 117 118 119 120 121 122 123 124 125 126 127 128 129 130 131 132 133 134 135 136 137 138 139 140 141 142 143 144 145 146 147 148 149 150 
c 3 2 18 29 53 59 
c 3 2 19 23 28 29 53 59 
c 3 2 20 23 28 29 47 52 53 58 59 77 83 89 
c 3 2 21 3 4 5 9 10 11 15 16 17 21 22 23 27 28 29 33 34 35 39 40 41 45 46 47 51 52 53 57 58 59 63 64 65 69 70 71 75 76 77 81 82 83 87 88 89 93 94 95 99 100 101 105 106 107 111 112 113 117 118 119 
c 3 2 22 0 1 2 3 4 5 6 7 8 9 10 11 13 14 15 16 17 20 21 22 23 26 27 28 30 31 32 33 34 35 36 37 38 39 40 41 43 44 45 46 47 50 51 52 53 56 57 58 59 60 61 62 63 64 65 66 67 68 69 70 71 73 74 75 76 77 79 80 81 82 83 85 86 87 88 89 90 91 92 93 94 95 96 97 98 99 100 101 102 103 104 105 106 107 108 109 110 111 112 113 114 115 116 117 118 119 120 121 122 123 124 125 126 127 128 129 130 131 132 133 134 135 136 137 138 139 140 141 142 143 144 145 146 147 148 149 150 
c 3 2 23 0 1 2 3 4 5 6 7 8 9 10 11 12 13 14 15 16 17 19 20 21 22 25 26 27 30 31 32 33 34 35 36 37 38 39 40 41 42 43 44 45 46 47 48 49 50 51 54 55 56 57 60 61 62 63 64 65 66 67 68 69 70 71 72 73 74 75 76 78 79 80 81 82 84 85 86 87 88 90 91 92 93 94 95 96 97 98 99 100 101 102 103 104 105 106 107 108 109 110 111 112 113 114 115 116 117 118 119 120 121 122 123 124 125 126 127 128 129 130 131 132 133 134 135 136 137 138 139 140 141 142 143 144 145 146 147 148 149 150 
c 3 2 24 29 59 
c 3 2 25 29 53 59 
c 3 2 26 23 28 29 47 53 59 
c 3 2 27 1 2 3 4 5 8 9 10 11 15 16 17 21 22 23 27 28 29 30 31 32 33 34 35 38 39 40 41 45 46 47 51 52 53 57 58 59 60 61 62 63 64 65 69 70 71 75 76 77 81 82 83 87 88 89 90 91 92 93 94 95 96 97 98 99 100 101 102 103 104 105 106 107 108 109 110 111 112 113 114 115 116 117 118 119 120 121 122 123 124 125 126 127 128 129 130 131 132 133 134 135 136 137 138 139 140 141 142 143 144 145 146 147 148 149 150 
c 3 2 28 0 1 2 3 4 5 6 7 8 9 10 11 12 13 14 15 16 17 19 20 21 22 26 27 30 31 32 33 34 35 36 37 38 39 40 41 42 43 44 45 46 47 49 50 51 52 55 56 57 58 60 61 62 63 64 65 66 67 68 69 70 71 72 73 74 75 76 77 78 79 80 81 82 83 84 85 86 87 88 89 90 91 92 93 94 95 96 97 98 99 100 101 102 103 104 105 106 107 108 109 110 111 112 113 114 115 116 117 118 119 120 121 122 123 124 125 126 127 128 129 130 131 132 133 134 135 136 137 138 139 140 141 142 143 144 145 146 147 148 149 150 
c 3 2 29 0 1 2 3 6 7 8 12 13 14 18 19 20 25 26 30 31 32 33 34 35 36 37 38 42 43 44 48 49 50 54 55 56 60 61 62 63 64 65 66 67 68 72 73 74 78 79 80 84 85 86 90 91 92 93 94 95 96 97 98 99 102 103 104 105 108 109 110 111 114 115 116 117 120 121 122 123 124 125 126 127 128 129 130 131 132 133 134 135 136 137 138 139 140 141 142 143 144 145 146 147 148 149 150 
c 3 2 30 16 17 22 23 28 29 41 46 47 52 53 58 59 71 77 83 89 
c 3 2 31 16 17 22 23 28 29 41 46 47 52 53 58 59 71 77 83 89 
c 3 2 32 16 17 22 23 28 29 41 46 47 52 53 58 59 71 77 83 89 
c 3 2 33 10 11 16 17 21 22 23 27 28 29 35 40 41 45 46 47 51 52 53 57 58 59 65 70 71 76 77 82 83 88 89 
c 3 2 34 4 5 9 10 11 15 16 17 21 22 23 27 28 29 34 35 39 40 41 45 46 47 51 52 53 57 58 59 64 65 69 70 71 75 76 77 81 82 83 87 88 89 94 95 100 101 106 107 112 113 118 119 
c 3 2 35 2 3 4 5 9 10 11 15 16 17 21 22 23 27 28 29 30 31 32 33 34 35 39 40 41 45 46 47 51 52 53 57 58 59 60 61 62 63 64 65 69 70 71 75 76 77 81 82 83 87 88 89 90 91 92 93 94 95 98 99 100 101 104 105 106 107 110 111 112 113 116 117 118 119 120 121 122 123 124 125 126 127 128 129 130 131 132 133 134 135 136 137 138 139 140 141 142 143 144 145 146 147 148 149 150 
c 3 2 36 22 23 28 29 47 52 53 58 59 77 83 89 
c 3 2 37 17 22 23 28 29 46 47 52 53 58 59 77 83 89 
c 3 2 38 17 22 23 28 29 46 47 52 53 58 59 71 77 83 89 
c 3 2 39 5 10 11 15 16 17 21 22 23 27 28 29 34 35 39 40 41 45 46 47 51 52 53 57 58 59 64 65 69 70 71 75 76 77 81 82 83 87 88 89 94 95 100 101 106 107 112 113 118 119 
c 3 2 40 1 2 3 4 5 8 9 10 11 15 16 17 21 22 23 27 28 29 30 31 32 33 34 35 39 40 41 45 46 47 51 52 53 57 58 59 60 61 62 63 64 65 69 70 71 75 76 77 81 82 83 87 88 89 90 91 92 93 94 95 98 99 100 101 104 105 106 107 110 111 112 113 116 117 118 119 120 121 122 123 124 125 126 127 128 129 130 131 132 133 134 135 136 137 138 139 140 141 142 143 144 145 146 147 148 149 150 
c 3 2 41 0 1 2 3 4 5 6 7 8 9 10 11 13 14 15 16 17 20 21 22 23 26 27 28 29 30 31 32 33 34 35 36 37 38 39 40 41 43 44 45 46 47 50 51 52 53 56 57 58 59 60 61 62 63 64 65 67 68 69 70 71 73 74 75 76 77 79 80 81 82 83 85 86 87 88 89 90 91 92 93 94 95 96 97 98 99 100 101 102 103 104 105 106 107 108 109 110 111 112 113 114 115 116 117 118 119 120 121 122 123 124 125 126 127 128 129 130 131 132 133 134 135 136 137 138 139 140 141 142 143 144 145 146 147 148 149 150 
c 3 2 42 23 28 29 53 59 
c 3 2 43 23 28 29 47 52 53 58 59 
c 3 2 44 17 22 23 28 29 46 47 52 53 58 59 77 83 89 
c 3 2 45 3 4 5 9 10 11 15 16 17 21 22 23 27 28 29 33 34 35 39 40 41 45 46 47 51 52 53 57 58 59 63 64 65 69 70 71 75 76 77 81 82 83 87 88 89 93 94 95 99 100 101 105 106 107 111 112 113 117 118 119 
c 3 2 46 0 1 2 3 4 5 6 7 8 9 10 11 14 15 16 17 20 21 22 23 26 27 28 29 30 31 32 33 34 35 36 37 38 39 40 41 43 44 45 46 47 50 51 52 53 56 57 58 59 60 61 62 63 64 65 67 68 69 70 71 73 74 75 76 77 79 80 81 82 83 85 86 87 88 89 90 91 92 93 94 95 96 97 98 99 100 101 102 103 104 105 106 107 108 109 110 111 112 113 114 115 116 117 118 119 120 121 122 123 124 125 126 127 128 129 130 131 132 133 134 135 136 137 138 139 140 141 142 143 144 145 146 147 148 149 150 
c 3 2 47 0 1 2 3 4 5 6 7 8 9 10 11 12 13 14 15 16 17 19 20 21 22 23 25 26 27 28 30 31 32 33 34 35 36 37 38 39 40 41 42 43 44 45 46 47 48 49 50 51 52 53 54 55 56 57 58 60 61 62 63 64 65 66 67 68 69 70 71 72 73 74 75 76 77 78 79 80 81 82 83 84 85 86 87 88 89 90 91 92 93 94 95 96 97 98 99 100 101 102 103 104 105 106 107 108 109 110 111 112 113 114 115 116 117 118 119 120 121 122 123 124 125 126 127 128 129 130 131 132 133 134 135 136 137 138 139 140 141 142 143 144 145 146 147 148 149 150 
c 3 2 48 29 53 59 
c 3 2 49 28 29 53 59 
c 3 2 50 23 28 29 47 52 53 58 59 77 83 89 
c 3 2 51 2 3 4 5 9 10 11 15 16 17 21 22 23 27 28 29 30 31 32 33 34 35 39 40 41 45 46 47 51 52 53 57 58 59 60 61 62 63 64 65 69 70 71 75 76 77 81 82 83 87 88 89 90 91 92 93 94 95 99 100 101 105 106 107 111 112 113 117 118 119 120 121 122 123 124 125 126 127 128 129 130 131 132 133 134 135 136 137 138 139 140 141 142 143 144 145 146 147 148 149 150 
c 3 2 52 0 1 2 3 4 5 6 7 8 9 10 11 13 14 15 16 17 20 21 22 23 26 27 28 30 31 32 33 34 35 36 37 38 39 40 41 43 44 45 46 47 50 51 52 53 56 57 58 60 61 62 63 64 65 66 67 68 69 70 71 72 73 74 75 76 77 78 79 80 81 82 83 84 85 86 87 88 89 90 91 92 93 94 95 96 97 98 99 100 101 102 103 104 105 106 107 108 109 110 111 112 113 114 115 116 117 118 119 120 121 122 123 124 125 126 127 128 129 130 131 132 133 134 135 136 137 138 139 140 141 142 143 144 145 146 147 148 149 150 
c 3 2 53 0 1 2 3 4 5 6 7 8 9 10 11 12 13 14 15 16 18 19 20 21 25 26 27 30 31 32 33 34 35 36 37 38 39 40 41 42 43 44 45 46 48 49 50 51 54 55 56 57 60 61 62 63 64 65 66 67 68 69 70 71 72 73 74 75 76 78 79 80 81 82 84 85 86 87 88 90 91 92 93 94 95 96 97 98 99 100 101 102 103 104 105 106 107 108 109 110 111 112 113 114 115 116 117 118 119 120 121 122 123 124 125 126 127 128 129 130 131 132 133 134 135 136 137 138 139 140 141 142 143 144 145 146 147 148 149 150 
c 3 2 54 59 
c 3 2 55 29 53 59 
c 3 2 56 23 28 29 47 53 59 
c 3 2 57 2 3 4 5 9 10 11 15 16 17 21 22 23 27 28 29 30 31 32 33 34 35 39 40 41 45 46 47 51 52 53 57 58 59 60 61 62 63 64 65 69 70 71 75 76 77 81 82 83 87 88 89 90 91 92 93 94 95 99 100 101 105 106 107 111 112 113 117 118 119 120 121 122 123 124 125 126 127 128 129 130 131 132 133 134 135 136 137 138 139 140 141 142 143 144 145 146 147 148 149 150 
c 3 2 58 0 1 2 3 4 5 6 7 8 9 10 11 13 14 15 16 17 20 21 26 27 30 31 32 33 34 35 36 37 38 39 40 41 43 44 45 46 50 51 56 57 60 61 62 63 64 65 66 67 68 69 70 71 72 73 74 75 76 78 79 80 81 82 84 85 86 87 88 90 91 92 93 94 95 96 97 98 99 100 101 102 103 104 105 106 107 108 109 110 111 112 113 114 115 116 117 118 119 120 121 122 123 124 125 126 127 128 129 130 131 132 133 134 135 136 137 138 139 140 141 142 143 144 145 146 147 148 149 150 
c 3 2 59 0 1 2 6 7 8 12 13 14 18 19 20 25 26 30 31 32 36 37 38 42 43 44 48 49 50 54 55 56 60 61 62 66 67 68 72 73 74 78 79 80 84 85 86 90 91 92 96 97 98 102 103 104 108 109 110 114 115 116 
c 3 2 60 16 17 22 23 28 29 41 46 47 52 53 58 59 71 77 83 89 
c 3 2 61 16 17 22 23 28 29 41 46 47 52 53 58 59 71 77 83 89 
c 3 2 62 16 17 22 23 28 29 41 46 47 52 53 58 59 71 77 83 89 
c 3 2 63 10 11 16 17 21 22 23 27 28 29 35 40 41 45 46 47 51 52 53 57 58 59 65 70 71 76 77 82 83 88 89 95 101 107 113 119 
c 3 2 64 3 4 5 9 10 11 15 16 17 21 22 23 27 28 29 33 34 35 39 40 41 45 46 47 51 52 53 57 58 59 63 64 65 69 70 71 75 76 77 81 82 83 87 88 89 93 94 95 99 100 101 105 106 107 111 112 113 117 118 119 
c 3 2 65 0 1 2 3 4 5 8 9 10 11 15 16 17 21 22 23 27 28 29 30 31 32 33 34 35 38 39 40 41 45 46 47 51 52 53 57 58 59 60 61 62 63 64 65 68 69 70 71 75 76 77 81 82 83 87 88 89 90 91 92 93 94 95 97 98 99 100 101 103 104 105 106 107 109 110 111 112 113 115 116 117 118 119 120 121 122 123 124 125 126 127 128 129 130 131 132 133 134 135 136 137 138 139 140 141 142 143 144 145 146 147 148 149 150 
c 3 2 66 23 28 29 47 52 53 58 59 77 83 89 
c 3 2 67 22 23 28 29 47 52 53 58 59 77 83 89 
c 3 2 68 17 22 23 28 29 46 47 52 53 58 59 71 77 83 89 
c 3 2 69 5 10 11 15 16 17 21 22 23 27 28 29 34 35 39 40 41 45 46 47 51 52 53 57 58 59 64 65 69 70 71 75 76 77 81 82 83 87 88 89 94 95 100 101 106 107 112 113 118 119 
c 3 2 70 1 2 3 4 5 9 10 11 15 16 17 21 22 23 27 28 29 30 31 32 33 34 35 39 40 41 45 46 47 51 52 53 57 58 59 60 61 62 63 64 65 69 70 71 75 76 77 81 82 83 87 88 89 90 91 92 93 94 95 98 99 100 101 104 105 106 107 110 111 112 113 116 117 118 119 120 121 122 123 124 125 126 127 128 129 130 131 132 133 134 135 136 137 138 139 140 141 142 143 144 145 146 147 148 149 150 
c 3 2 71 0 1 2 3 4 5 6 7 8 9 10 11 14 15 16 17 20 21 22 23 26 27 28 29 30 31 32 33 34 35 36 37 38 39 40 41 44 45 46 47 50 51 52 53 56 57 58 59 60 61 62 63 64 65 67 68 69 70 71 73 74 75 76 77 79 80 81 82 83 85 86 87 88 89 90 91 92 93 94 95 96 97 98 99 100 101 102 103 104 105 106 107 108 109 110 111 112 113 114 115 116 117 118 119 120 121 122 123 124 125 126 127 128 129 130 131 132 133 134 135 136 137 138 139 140 141 142 143 144 145 146 147 148 149 150 
c 3 2 72 28 29 53 59 
c 3 2 73 23 28 29 53 59 
c 3 2 74 22 23 28 29 47 52 53 58 59 77 83 89 
c 3 2 75 3 4 5 9 10 11 15 16 17 21 22 23 27 28 29 33 34 35 39 40 41 45 46 47 51 52 53 57 58 59 63 64 65 69 70 71 75 76 77 81 82 83 87 88 89 93 94 95 99 100 101 105 106 107 111 112 113 117 118 119 
c 3 2 76 0 1 2 3 4 5 7 8 9 10 11 14 15 16 17 21 22 23 27 28 29 30 31 32 33 34 35 37 38 39 40 41 44 45 46 47 51 52 53 57 58 59 60 61 62 63 64 65 68 69 70 71 74 75 76 77 80 81 82 83 86 87 88 89 90 91 92 93 94 95 96 97 98 99 100 101 102 103 104 105 106 107 108 109 110 111 112 113 114 115 116 117 118 119 120 121 122 123 124 125 126 127 128 129 130 131 132 133 134 135 136 137 138 139 140 141 142 143 144 145 146 147 148 149 150 
c 3 2 77 0 1 2 3 4 5 6 7 8 9 10 11 13 14 15 16 17 20 21 22 23 26 27 28 30 31 32 33 34 35 36 37 38 39 40 41 43 44 45 46 47 49 50 51 52 53 55 56 57 58 60 61 62 63 64 65 66 67 68 69 70 71 72 73 74 75 76 77 78 79 80 81 82 83 84 85 86 87 88 89 90 91 92 93 94 95 96 97 98 99 100 101 102 103 104 105 106 107 108 109 110 111 112 113 114 115 116 117 118 119 120 121 122 123 124 125 126 127 128 129 130 131 132 133 134 135 136 137 138 139 140 141 142 143 144 145 146 147 148 149 150 
c 3 2 78 29 59 
c 3 2 79 29 53 59 
c 3 2 80 23 28 29 47 52 53 58 59 
c 3 2 81 3 4 5 9 10 11 15 16 17 21 22 23 27 28 29 33 34 35 39 40 41 45 46 47 51 52 53 57 58 59 63 64 65 69 70 71 75 76 77 81 82 83 87 88 89 93 94 95 99 100 101 105 106 107 111 112 113 117 118 119 
c 3 2 82 0 1 2 3 4 5 7 8 9 10 11 14 15 16 17 21 22 23 27 30 31 32 33 34 35 37 38 39 40 41 44 45 46 47 51 52 57 58 60 61 62 63 64 65 68 69 70 71 74 75 76 77 80 81 82 83 86 87 88 89 90 91 92 93 94 95 96 97 98 99 100 101 102 103 104 105 106 107 108 109 110 111 112 113 114 115 116 117 118 119 120 121 122 123 124 125 126 127 128 129 130 131 132 133 134 135 136 137 138 139 140 141 142 143 144 145 146 147 148 149 150 
c 3 2 83 0 1 2 3 4 5 6 7 8 9 10 11 13 14 15 20 26 30 31 32 33 34 35 36 37 38 39 40 41 43 44 45 49 50 55 56 60 61 62 63 64 65 66 67 68 69 70 72 73 74 75 78 79 80 81 84 85 86 87 90 91 92 93 94 95 96 97 98 99 100 101 102 103 104 105 106 107 108 109 110 111 112 113 114 115 116 117 118 119 120 121 122 123 124 125 126 127 128 129 130 131 132 133 134 135 136 137 138 139 140 141 142 143 144 145 146 147 148 149 150 
c 3 2 84 
c 3 2 85 29 59 
c 3 2 86 23 28 29 53 59 
c 3 2 87 3 4 5 9 10 11 15 16 17 21 22 23 27 28 33 34 35 39 40 41 45 46 47 51 52 53 57 58 59 63 64 65 69 70 71 75 76 77 81 82 83 87 88 89 93 94 95 99 100 101 105 106 107 111 112 113 117 118 119 
c 3 2 88 0 1 2 3 4 5 7 8 9 10 11 14 15 16 17 21 22 27 30 31 32 33 34 35 37 38 39 40 41 44 45 46 47 51 52 57 58 60 61 62 63 64 65 68 69 70 71 74 75 76 77 80 81 82 83 86 87 88 89 90 91 92 93 94 95 96 97 98 99 100 101 102 103 104 105 106 107 108 109 110 111 112 113 114 115 116 117 118 119 120 121 122 123 124 125 126 127 128 129 130 131 132 133 134 135 136 137 138 139 140 141 142 143 144 145 146 147 148 149 150 
c 3 2 89 0 1 2 3 4 5 6 7 8 9 10 13 14 15 20 26 30 31 32 33 34 35 36 37 38 39 40 43 44 45 49 50 55 56 60 61 62 63 64 65 66 67 68 69 70 72 73 74 75 78 79 80 81 84 85 86 87 90 91 92 93 94 95 96 97 98 99 100 101 102 103 104 105 106 107 108 109 110 111 112 113 114 115 116 117 118 119 120 121 122 123 124 125 126 127 128 129 130 131 132 133 134 135 136 137 138 139 140 141 142 143 144 145 146 147 148 149 150 
c 3 2 90 16 17 22 23 28 29 41 46 47 52 53 58 59 71 77 83 89 
c 3 2 91 16 17 22 23 28 29 41 46 47 52 53 58 59 71 77 83 89 
c 3 2 92 16 17 22 23 28 29 41 46 47 52 53 58 59 71 77 83 89 
c 3 2 93 10 11 16 17 21 22 23 27 28 29 35 40 41 45 46 47 51 52 53 57 58 59 65 70 71 76 77 82 83 88 89 95 101 107 113 119 
c 3 2 94 3 4 5 9 10 11 15 16 17 21 22 23 27 28 29 33 34 35 39 40 41 45 46 47 51 52 53 57 58 59 63 64 65 69 70 71 75 76 77 81 82 83 87 88 89 93 94 95 99 100 101 105 106 107 111 112 113 117 118 119 
c 3 2 95 0 1 2 3 4 5 8 9 10 11 15 16 17 21 22 23 27 28 29 30 31 32 33 34 35 38 39 40 41 45 46 47 51 52 53 57 58 59 60 61 62 63 64 65 68 69 70 71 74 75 76 77 80 81 82 83 86 87 88 89 90 91 92 93 94 95 96 97 98 99 100 101 102 103 104 105 106 107 108 109 110 111 112 113 114 115 116 117 118 119 120 121 122 123 124 125 126 127 128 129 130 131 132 133 134 135 136 137 138 139 140 141 142 143 144 145 146 147 148 149 150 
c 3 2 96 23 28 29 47 53 59 
c 3 2 97 22 23 28 29 47 52 53 58 59 77 83 89 
c 3 2 98 17 22 23 28 29 46 47 52 53 58 59 77 83 89 
c 3 2 99 5 10 11 15 16 17 21 22 23 27 28 29 34 35 39 40 41 45 46 47 51 52 53 57 58 59 64 65 69 70 71 75 76 77 81 82 83 87 88 89 94 95 100 101 106 107 112 113 118 119 
c 3 2 100 3 4 5 9 10 11 15 16 17 21 22 23 27 28 29 30 31 32 33 34 35 39 40 41 45 46 47 51 52 53 57 58 59 60 61 62 63 64 65 69 70 71 75 76 77 81 82 83 87 88 89 90 91 92 93 94 95 99 100 101 105 106 107 111 112 113 117 118 119 120 121 122 123 124 125 126 127 128 129 130 131 132 133 134 135 136 137 138 139 140 141 142 143 144 145 146 147 148 149 150 
c 3 2 101 0 1 2 3 4 5 7 8 9 10 11 14 15 16 17 21 22 23 27 28 29 30 31 32 33 34 35 37 38 39 40 41 44 45 46 47 51 52 53 57 58 59 60 61 62 63 64 65 67 68 69 70 71 74 75 76 77 80 81 82 83 86 87 88 89 90 91 92 93 94 95 96 97 98 99 100 101 102 103 104 105 106 107 108 109 110 111 112 113 114 115 116 117 118 119 120 121 122 123 124 125 126 127 128 129 130 131 132 133 134 135 136 137 138 139 140 141 142 143 144 145 146 147 148 149 150 
c 3 2 102 28 29 53 59 
c 3 2 103 23 28 29 53 59 
c 3 2 104 22 23 28 29 47 52 53 58 59 77 83 89 
c 3 2 105 5 10 11 15 16 17 21 22 23 27 28 29 34 35 39 40 41 45 46 47 51 52 53 57 58 59 64 65 69 70 71 75 76 77 81 82 83 87 88 89 94 95 100 101 106 107 112 113 118 119 
c 3 2 106 3 4 5 9 10 11 15 16 17 21 22 23 27 28 30 31 32 33 34 35 39 40 41 45 46 47 51 52 53 57 58 59 60 61 62 63 64 65 69 70 71 75 76 77 81 82 83 87 88 89 90 91 92 93 94 95 99 100 101 105 106 107 111 112 113 117 118 119 120 121 122 123 124 125 126 127 128 129 130 131 132 133 134 135 136 137 138 139 140 141 142 143 144 145 146 147 148 149 150 
c 3 2 107 0 1 2 3 4 5 7 8 9 10 11 14 15 16 17 21 22 27 30 31 32 33 34 35 37 38 39 40 41 44 45 46 47 51 52 57 58 60 61 62 63 64 65 67 68 69 70 71 74 75 76 77 80 81 82 83 86 87 88 89 90 91 92 93 94 95 96 97 98 99 100 101 102 103 104 105 106 107 108 109 110 111 112 113 114 115 116 117 118 119 120 121 122 123 124 125 126 127 128 129 130 131 132 133 134 135 136 137 138 139 140 141 142 143 144 145 146 147 148 149 150 
c 3 2 108 29 59 
c 3 2 109 29 53 59 
c 3 2 110 23 28 29 47 52 53 58 59 
c 3 2 111 5 10 11 15 16 17 21 22 23 27 28 29 34 35 39 40 41 45 46 47 51 52 53 57 58 59 64 65 69 70 71 75 76 77 81 82 83 87 88 89 94 95 100 101 106 107 112 113 118 119 
c 3 2 112 3 4 5 9 10 11 15 16 17 21 22 23 27 28 30 31 32 33 34 35 39 40 41 45 46 47 51 52 53 57 58 60 61 62 63 64 65 69 70 71 75 76 77 81 82 83 87 88 89 90 91 92 93 94 95 99 100 101 105 106 107 111 112 113 117 118 119 120 121 122 123 124 125 126 127 128 129 130 131 132 133 134 135 136 137 138 139 140 141 142 143 144 145 146 147 148 149 150 
c 3 2 113 0 1 2 3 4 5 7 8 9 10 11 14 15 16 17 21 22 27 30 31 32 33 34 35 37 38 39 40 41 44 45 46 47 51 52 57 58 60 61 62 63 64 65 67 68 69 70 71 74 75 76 77 80 81 82 83 86 87 88 89 90 91 92 93 94 95 96 97 98 99 100 101 102 103 104 105 106 107 108 109 110 111 112 113 114 115 116 117 118 119 120 121 122 123 124 125 126 127 128 129 130 131 132 133 134 135 136 137 138 139 140 141 142 143 144 145 146 147 148 149 150 
c 3 2 114 
c 3 2 115 29 53 59 
c 3 2 116 23 28 29 47 52 53 58 59 
c 3 2 117 5 10 11 15 16 17 21 22 23 27 28 29 34 35 39 40 41 45 46 47 51 52 53 57 58 59 64 65 69 70 71 75 76 77 81 82 83 87 88 89 94 95 100 101 106 107 112 113 118 119 
c 3 2 118 3 4 5 9 10 11 15 16 17 21 22 23 27 28 30 31 32 33 34 35 39 40 41 45 46 47 51 52 53 57 58 60 61 62 63 64 65 69 70 71 75 76 77 81 82 83 87 88 89 90 91 92 93 94 95 99 100 101 105 106 107 111 112 113 117 118 119 120 121 122 123 124 125 126 127 128 129 130 131 132 133 134 135 136 137 138 139 140 141 142 143 144 145 146 147 148 149 150 
c 3 2 119 0 1 2 3 4 5 7 8 9 10 11 14 15 16 17 21 22 27 30 31 32 33 34 35 37 38 39 40 41 44 45 46 47 51 52 57 58 60 61 62 63 64 65 67 68 69 70 71 74 75 76 77 80 81 82 83 86 87 88 89 90 91 92 93 94 95 96 97 98 99 100 101 102 103 104 105 106 107 108 109 110 111 112 113 114 115 116 117 118 119 120 121 122 123 124 125 126 127 128 129 130 131 132 133 134 135 136 137 138 139 140 141 142 143 144 145 146 147 148 149 150 
c 3 2 120 16 17 22 23 28 29 41 46 47 52 53 58 59 71 77 83 89 
c 3 2 121 16 17 22 23 28 29 41 46 47 52 53 58 59 71 77 83 89 
c 3 2 122 16 17 22 23 28 29 41 46 47 52 53 58 59 71 77 83 89 
c 3 2 123 11 16 17 21 22 23 27 28 29 40 41 45 46 47 51 52 53 57 58 59 65 70 71 76 77 82 83 88 89 95 101 107 113 119 
c 3 2 124 5 10 11 15 16 17 21 22 23 27 28 29 34 35 39 40 41 45 46 47 51 52 53 57 58 59 64 65 69 70 71 75 76 77 81 82 83 87 88 89 94 95 100 101 106 107 112 113 118 119 
c 3 2 125 3 4 5 9 10 11 15 16 17 21 22 23 27 28 29 33 34 35 39 40 41 45 46 47 51 52 53 57 58 59 63 64 65 69 70 71 75 76 77 81 82 83 87 88 89 93 94 95 99 100 101 105 106 107 111 112 113 117 118 119 
c 3 2 126 23 28 29 47 53 59 
c 3 2 127 23 28 29 47 52 53 58 59 
c 3 2 128 17 22 23 28 29 46 47 52 53 58 59 77 83 89 
c 3 2 129 11 16 17 21 22 23 27 28 29 40 41 45 46 47 51 52 53 57 58 59 65 70 71 76 77 82 83 88 89 95 101 107 113 119 
c 3 2 130 5 10 11 15 16 17 21 22 23 27 28 29 34 35 39 40 41 45 46 47 51 52 53 57 58 59 64 65 69 70 71 75 76 77 81 82 83 87 88 89 94 95 100 101 106 107 112 113 118 119 
c 3 2 131 3 4 5 9 10 11 15 16 17 21 22 23 27 28 33 34 35 39 40 41 45 46 47 51 52 53 57 58 59 63 64 65 69 70 71 75 76 77 81 82 83 87 88 89 93 94 95 99 100 101 105 106 107 111 112 113 117 118 119 
c 3 2 132 29 53 59 
c 3 2 133 23 28 29 53 59 
c 3 2 134 17 22 23 28 29 46 47 52 53 58 59 77 83 89 
c 3 2 135 11 16 17 21 22 23 27 28 29 40 41 45 46 47 51 52 53 57 58 59 65 70 71 76 77 82 83 88 89 95 101 107 113 119 
c 3 2 136 5 10 11 15 16 17 21 22 23 27 28 29 34 35 39 40 41 45 46 47 51 52 53 57 58 59 64 65 69 70 71 75 76 77 81 82 83 87 88 89 94 95 100 101 106 107 112 113 118 119 
c 3 2 137 3 4 5 9 10 11 15 16 17 21 22 23 27 28 33 34 35 39 40 41 45 46 47 51 52 53 57 58 59 63 64 65 69 70 71 75 76 77 81 82 83 87 88 89 93 94 95 99 100 101 105 106 107 111 112 113 117 118 119 
c 3 2 138 29 53 59 
c 3 2 139 23 28 29 53 59 
c 3 2 140 17 22 23 28 29 46 47 52 53 58 59 77 83 89 
c 3 2 141 11 16 17 21 22 23 27 28 29 40 41 45 46 47 51 52 53 57 58 59 65 70 71 76 77 82 83 88 89 95 101 107 113 119 
c 3 2 142 5 10 11 15 16 17 21 22 23 27 28 29 34 35 39 40 41 45 46 47 51 52 53 57 58 59 64 65 69 70 71 75 76 77 81 82 83 87 88 89 94 95 100 101 106 107 112 113 118 119 
c 3 2 143 3 4 5 9 10 11 15 16 17 21 22 23 27 28 33 34 35 39 40 41 45 46 47 51 52 53 57 58 59 63 64 65 69 70 71 75 76 77 81 82 83 87 88 89 93 94 95 99 100 101 105 106 107 111 112 113 117 118 119 
c 3 2 144 29 53 59 
c 3 2 145 23 28 29 53 59 
c 3 2 146 17 22 23 28 29 46 47 52 53 58 59 77 83 89 
c 3 2 147 11 16 17 21 22 23 27 28 29 40 41 45 46 47 51 52 53 57 58 59 65 70 71 76 77 82 83 88 89 95 101 107 113 119 
c 3 2 148 5 10 11 15 16 17 21 22 23 27 28 29 34 35 39 40 41 45 46 47 51 52 53 57 58 59 64 65 69 70 71 75 76 77 81 82 83 87 88 89 94 95 100 101 106 107 112 113 118 119 
c 3 2 149 3 4 5 9 10 11 15 16 17 21 22 23 27 28 33 34 35 39 40 41 45 46 47 51 52 53 57 58 59 63 64 65 69 70 71 75 76 77 81 82 83 87 88 89 93 94 95 99 100 101 105 106 107 111 112 113 117 118 119 
c 3 2 150 16 17 22 23 28 29 41 46 47 52 53 58 59 71 77 83 89 
c 1 0 0 
c 1 0 1 
c 1 0 2 
c 1 0 3 
c 1 0 4 
c 1 0 5 
c 1 0 6 
c 1 0 7 
c 1 0 8 
c 1 0 9 
c 1 0 10 
c 1 0 11 
c 1 0 12 
c 1 0 13 
c 1 0 14 
c 1 0 15 
c 1 0 16 
c 1 0 17 
c 1 0 18 
c 1 0 19 
c 1 0 20 
c 1 0 21 
c 1 0 22 
c 1 0 23 
c 1 0 24 
c 1 0 25 
c 1 0 26 
c 1 0 27 
c 1 0 28 
c 1 0 29 
c 1 0 30 
c 1 0 31 
c 1 0 32 
c 1 0 33 
c 1 0 34 
c 1 0 35 
c 1 0 36 
c 1 0 37 
c 1 0 38 
c 1 0 39 
c 1 0 40 
c 1 0 41 
c 1 0 42 
c 1 0 43 
c 1 0 44 
c 1 0 45 
c 1 0 46 
c 1 0 47 
c 1 0 48 
c 1 0 49 
c 1 0 50 
c 1 0 51 
c 1 0 52 
c 1 0 53 
c 1 0 54 
c 1 0 55 
c 1 0 56 
c 1 0 57 
c 1 0 58 
c 1 0 59 
c 1 0 60 
c 1 0 61 
c 1 0 62 
c 1 0 63 
c 1 0 64 
c 1 0 65 
c 1 0 66 
c 1 0 67 
c 1 0 68 
c 1 0 69 
c 1 0 70 
c 1 0 71 
c 1 0 72 
c 1 0 73 
c 1 0 74 
c 1 0 75 
c 1 0 76 
c 1 0 77 
c 1 0 78 
c 1 0 79 
c 1 0 80 
c 1 0 81 
c 1 0 82 
c 1 0 83 
c 1 0 84 
c 1 0 85 
c 1 0 86 
c 1 0 87 
c 1 0 88 
c 1 0 89 
c 1 0 90 
c 1 0 91 
c 1 0 92 
c 1 0 93 
c 1 0 94 
c 1 0 95 
c 1 0 96 
c 1 0 97 
c 1 0 98 
c 1 0 99 
c 1 0 100 
c 1 0 101 
c 1 0 102 
c 1 0 103 
c 1 0 104 
c 1 0 105 
c 1 0 106 
c 1 0 107 
c 1 0 108 
c 1 0 109 
c 1 0 110 
c 1 0 111 
c 1 0 112 
c 1 0 113 
c 1 0 114 
c 1 0 115 
c 1 0 116 
c 1 0 117 
c 1 0 118 
c 1 0 119 
c 1 0 120 
c 1 0 121 
c 1 0 122 
c 1 0 123 
c 1 0 124 
c 1 0 125 
c 1 0 126 
c 1 0 127 
c 1 0 128 
c 1 0 129 
c 1 0 130 
c 1 0 131 
c 1 0 132 
c 1 0 133 
c 1 0 134 
c 1 0 135 
c 1 0 136 
c 1 0 137 
c 1 0 138 
c 1 0 139 
c 1 0 140 
c 1 0 141 
c 1 0 142 
c 1 0 143 
c 1 0 144 
c 1 0 145 
c 1 0 146 
c 1 0 147 
c 1 0 148 
c 1 0 149 
c 1 0 150 
m 0 26 0 1 0
m 1 21 0 1 1
m 2 18 0 1 2
m 3 18 0 1 4
m 4 21 0 1 5
m 5 26 0 1 6
m 6 29 0 2 0
m 7 24 0 2 1
m 8 21 0 2 2
m 9 21 0 2 4
m 10 24 0 2 5
m 11 29 0 2 6
m 12 34 0 3 0
m 13 29 0 3 1
m 14 26 0 3 2
m 15 26 0 3 4
m 16 29 0 3 5
m 17 34 0 3 6
m 18 41 0 4 0
m 19 36 0 4 1
m 20 33 0 4 2
m 21 33 0 4 4
m 22 36 0 4 5
m 23 41 0 4 6
m 24 50 0 5 0
m 25 45 0 5 1
m 26 42 0 5 2
m 27 42 0 5 4
m 28 45 0 5 5
m 29 50 0 5 6
m 30 19 1 1 0
m 31 14 1 1 1
m 32 11 1 1 2
m 33 11 1 1 4
m 34 14 1 1 5
m 35 19 1 1 6
m 36 22 1 2 0
m 37 17 1 2 1
m 38 14 1 2 2
m 39 14 1 2 4
m 40 17 1 2 5
m 41 22 1 2 6
m 42 27 1 3 0
m 43 22 1 3 1
m 44 19 1 3 2
m 45 19 1 3 4
m 46 22 1 3 5
m 47 27 1 3 6
m 48 34 1 4 0
m 49 29 1 4 1
m 50 26 1 4 2
m 51 26 1 4 4
m 52 29 1 4 5
m 53 34 1 4 6
m 54 43 1 5 0
m 55 38 1 5 1
m 56 35 1 5 2
m 57 35 1 5 4
m 58 38 1 5 5
m 59 43 1 5 6
m 60 14 2 1 0
m 61 9 2 1 1
m 62 6 2 1 2
m 63 6 2 1 4
m 64 9 2 1 5
m 65 14 2 1 6
m 66 17 2 2 0
m 67 12 2 2 1
m 68 9 2 2 2
m 69 9 2 2 4
m 70 12 2 2 5
m 71 17 2 2 6
m 72 22 2 3 0
m 73 17 2 3 1
m 74 14 2 3 2
m 75 14 2 3 4
m 76 17 2 3 5
m 77 22 2 3 6
m 78 29 2 4 0
m 79 24 2 4 1
m 80 21 2 4 2
m 81 21 2 4 4
m 82 24 2 4 5
m 83 29 2 4 6
m 84 38 2 5 0
m 85 33 2 5 1
m 86 30 2 5 2
m 87 30 2 5 4
m 88 33 2 5 5
m 89 38 2 5 6
m 90 11 3 1 0
m 91 6 3 1 1
m 92 3 3 1 2
m 93 3 3 1 4
m 94 6 3 1 5
m 95 11 3 1 6
m 96 14 3 2 0
m 97 9 3 2 1
m 98 6 3 2 2
m 99 6 3 2 4
m 100 9 3 2 5
m 101 14 3 2 6
m 102 19 3 3 0
m 103 14 3 3 1
m 104 11 3 3 2
m 105 11 3 3 4
m 106 14 3 3 5
m 107 19 3 3 6
m 108 26 3 4 0
m 109 21 3 4 1
m 110 18 3 4 2
m 111 18 3 4 4
m 112 21 3 4 5
m 113 26 3 4 6
m 114 35 3 5 0
m 115 30 3 5 1
m 116 27 3 5 2
m 117 27 3 5 4
m 118 30 3 5 5
m 119 35 3 5 6
m 120 10 4 1 0
m 121 5 4 1 1
m 122 2 4 1 2
m 123 2 4 1 4
m 124 5 4 1 5
m 125 10 4 1 6
m 126 13 4 2 0
m 127 8 4 2 1
m 128 5 4 2 2
m 129 5 4 2 4
m 130 8 4 2 5
m 131 13 4 2 6
m 132 18 4 3 0
m 133 13 4 3 1
m 134 10 4 3 2
m 135 10 4 3 4
m 136 13 4 3 5
m 137 18 4 3 6
m 138 25 4 4 0
m 139 20 4 4 1
m 140 17 4 4 2
m 141 17 4 4 4
m 142 20 4 4 5
m 143 25 4 4 6
m 144 34 4 5 0
m 145 29 4 5 1
m 146 26 4 5 2
m 147 26 4 5 4
m 148 29 4 5 5
m 149 34 4 5 6
m 150 0 4 0 3
