d 5 151 5 6 7
c 3 2 0 0 1 6 7 12 13 14 18 19 20 23 24 25 26 29 30 31 36 37 38 42 43 44 48 49 50 54 55 56 60 61 66 67 68 72 73 74 78 79 80 84 85 86 90 91 96 97 102 103 108 109 114 115 120 126 132 138 144 
c 3 2 1 0 1 6 7 12 13 14 18 19 20 23 24 25 26 29 30 31 36 37 38 42 43 44 48 49 50 54 55 56 60 61 66 67 68 72 73 74 78 79 80 84 85 86 90 91 96 97 102 103 108 109 114 115 120 126 132 138 144 
c 3 2 2 0 1 6 7 12 13 14 18 19 20 23 24 25 26 29 30 31 36 37 42 43 44 48 49 50 54 55 56 60 61 66 67 72 73 78 79 84 85 90 91 96 97 102 103 108 109 114 115 
c 3 2 3 0 6 7 12 13 18 19 24 25 30 36 37 42 43 48 49 54 55 60 61 66 67 72 73 78 79 84 85 90 96 102 108 114 
c 3 2 4 0 6 7 12 13 18 19 24 25 30 36 37 42 43 48 49 54 55 60 61 66 67 72 73 78 79 84 85 90 96 102 108 114 
c 3 2 5 0 6 7 12 13 18 19 24 25 30 36 37 42 43 48 49 54 55 60 61 66 67 72 73 78 79 84 85 90 96 102 108 114 
c 3 2 6 0 1 2 6 7 8 11 12 13 14 17 18 19 20 23 24 25 26 29 30 31 32 36 37 38 42 43 44 47 48 49 50 53 54 55 56 60 61 62 66 67 68 72 73 74 78 79 80 84 85 86 90 91 92 96 97 98 102 103 104 108 109 110 114 115 116 120 121 122 126 127 128 132 133 134 138 139 140 144 145 146 
c 3 2 7 0 1 2 6 7 8 11 12 13 14 17 18 19 20 23 24 25 26 29 30 31 32 36 37 38 41 42 43 44 47 48 49 50 53 54 55 56 59 60 61 62 66 67 68 72 73 74 78 79 80 84 85 86 90 91 92 96 97 98 102 103 104 108 109 110 114 115 116 120 121 126 127 132 133 138 139 144 145 
c 3 2 8 0 1 6 7 8 12 13 14 17 18 19 20 23 24 25 26 29 30 31 32 36 37 38 42 43 44 47 48 49 50 53 54 55 56 59 60 61 62 66 67 68 72 73 74 78 79 80 84 85 86 90 91 92 96 97 98 102 103 104 108 109 110 114 115 116 120 126 132 138 144 
c 3 2 9 0 6 12 13 18 19 24 25 30 36 37 42 43 48 49 54 55 60 66 72 78 84 
c 3 2 10 6 12 13 18 19 24 25 30 36 42 43 48 49 54 55 60 66 72 78 84 
c 3 2 11 12 18 24 36 42 48 54 
c 3 2 12 0 1 2 3 4 5 6 7 8 10 11 12 13 14 17 18 19 20 23 24 25 26 29 30 31 32 33 34 35 36 37 38 41 42 43 44 47 48 49 50 53 54 55 56 59 60 61 62 63 64 65 66 67 68 71 72 73 74 77 78 79 80 84 85 86 90 91 92 93 94 95 96 97 98 102 103 104 108 109 110 114 115 116 120 121 122 123 124 125 126 127 128 132 133 134 138 139 140 144 145 146 150 
c 3 2 13 0 1 2 3 4 5 6 7 8 9 10 11 12 13 14 16 17 18 19 20 23 24 25 26 29 30 31 32 33 34 35 36 37 38 39 40 41 42 43 44 47 48 49 50 53 54 55 56 59 60 61 62 63 64 65 66 67 68 71 72 73 74 77 78 79 80 83 84 85 86 90 91 92 93 94 95 96 97 98 101 102 103 104 108 109 110 114 115 116 120 121 122 123 124 125 126 127 128 129 132 133 134 135 138 139 140 141 144 145 146 147 150 
c 3 2 14 0 1 2 5 6 7 8 11 12 13 14 17 18 19 20 23 24 25 26 29 30 31 32 35 36 37 38 41 42 43 44 47 48 49 50 53 54 55 56 59 60 61 62 66 67 68 72 73 74 78 79 80 84 85 86 90 91 92 96 97 98 102 103 104 108 109 110 114 115 116 120 121 122 126 127 128 132 133 134 138 139 140 144 145 146 
c 3 2 15 6 12 13 18 19 24 25 30 36 42 43 48 49 54 55 60 66 72 78 84 
c 3 2 16 12 18 24 36 42 48 54 
c 3 2 17 
c 3 2 18 0 1 2 3 4 5 6 7 8 9 10 11 12 13 14 15 16 17 18 19 20 21 22 23 24 25 26 27 29 30 31 32 33 34 35 36 37 38 39 40 41 42 43 44 45 46 47 48 49 50 51 52 53 54 55 56 59 60 61 62 63 64 65 66 67 68 69 70 71 72 73 74 75 76 77 78 79 80 81 83 84 85 86 90 91 92 93 94 95 96 97 98 99 100 101 102 103 104 105 107 108 109 110 114 115 116 120 121 122 123 124 125 126 127 128 129 130 131 132 133 134 135 136 137 138 139 140 141 142 143 144 145 146 147 148 149 150 
c 3 2 19 0 1 2 3 4 5 6 7 8 9 10 11 12 13 14 15 16 17 18 19 20 21 22 23 24 25 26 27 28 29 30 31 32 33 34 35 36 37 38 39 40 41 42 43 44 45 46 47 48 49 50 51 52 53 54 55 56 57 59 60 61 62 63 64 65 66 67 68 69 70 71 72 73 74 75 76 77 78 79 80 81 83 84 85 86 89 90 91 92 93 94 95 96 97 98 99 100 101 102 103 104 105 106 107 108 109 110 111 113 114 115 116 117 120 121 122 123 124 125 126 127 128 129 130 131 132 133 134 135 136 137 138 139 140 141 142 143 144 145 146 147 148 149 150 
c 3 2 20 0 1 2 3 4 5 6 7 8 9 10 11 12 13 14 16 17 18 19 20 23 24 25 26 29 30 31 32 33 34 35 36 37 38 39 40 41 42 43 44 46 47 48 49 50 53 54 55 56 59 60 61 62 63 64 65 66 67 68 69 70 71 72 73 74 77 78 79 80 83 84 85 86 89 90 91 92 93 94 95 96 97 98 101 102 103 104 107 108 109 110 114 115 116 120 121 122 123 124 125 126 127 128 129 130 131 132 133 134 135 136 137 138 139 140 141 142 143 144 145 146 147 148 149 150 
c 3 2 21 6 12 18 19 24 25 36 42 48 54 
c 3 2 22 
c 3 2 23 
c 3 2 24 0 1 2 3 4 5 6 7 8 9 10 11 12 13 14 15 16 17 18 19 20 21 22 23 24 25 26 27 28 29 30 31 32 33 34 35 36 37 38 39 40 41 42 43 44 45 46 47 48 49 50 51 52 53 54 55 56 57 58 59 60 61 62 63 64 65 66 67 68 69 70 71 72 73 74 75 76 77 78 79 80 81 82 83 84 85 86 87 89 90 91 92 93 94 95 96 97 98 99 100 101 102 103 104 105 106 107 108 109 110 111 113 114 115 116 117 120 121 122 123 124 125 126 127 128 129 130 131 132 133 134 135 136 137 138 139 140 141 142 143 144 145 146 147 148 149 150 
c 3 2 25 0 1 2 3 4 5 6 7 8 9 10 11 12 13 14 15 16 17 18 19 20 21 22 23 24 25 26 27 28 29 30 31 32 33 34 35 36 37 38 39 40 41 42 43 44 45 46 47 48 49 50 51 52 53 54 55 56 57 58 59 60 61 62 63 64 65 66 67 68 69 70 71 72 73 74 75 76 77 78 79 80 81 82 83 84 85 86 87 88 89 90 91 92 93 94 95 96 97 98 99 100 101 102 103 104 105 106 107 108 109 110 111 112 113 114 115 116 117 118 119 120 121 122 123 124 125 126 127 128 129 130 131 132 133 134 135 136 137 138 139 140 141 142 143 144 145 146 147 148 149 150 
c 3 2 26 0 1 2 3 4 5 6 7 8 9 10 11 12 13 14 15 16 17 18 19 20 21 22 23 24 25 26 27 28 29 30 31 32 33 34 35 36 37 38 39 40 41 42 43 44 45 46 47 48 49 50 51 52 53 54 55 56 57 58 59 60 61 62 63 64 65 66 67 68 69 70 71 72 73 74 75 76 77 78 79 80 81 82 83 84 85 86 87 89 90 91 92 93 94 95 96 97 98 99 100 101 102 103 104 105 106 107 108 109 110 111 112 113 114 115 116 117 118 119 120 121 122 123 124 125 126 127 128 129 130 131 132 133 134 135 136 137 138 139 140 141 142 143 144 145 146 147 148 149 150 
c 3 2 27 12 18 24 36 42 48 54 
c 3 2 28 
c 3 2 29 
c 3 2 30 0 1 2 6 7 8 11 12 13 14 17 18 19 20 23 24 25 26 29 30 31 32 36 37 38 42 43 44 47 48 49 50 53 54 55 56 59 60 61 62 66 67 68 72 73 74 78 79 80 84 85 86 90 91 92 96 97 98 102 103 104 108 109 110 114 115 116 120 121 126 127 132 133 138 139 144 145 
c 3 2 31 0 1 2 6 7 8 11 12 13 14 17 18 19 20 23 24 25 26 29 30 31 32 36 37 38 41 42 43 44 47 48 49 50 53 54 55 56 59 60 61 62 66 67 68 72 73 74 78 79 80 84 85 86 90 91 92 96 97 98 102 103 104 108 109 110 114 115 116 120 121 126 127 132 133 138 139 144 145 
c 3 2 32 0 1 6 7 8 12 13 14 17 18 19 20 23 24 25 26 29 30 31 36 37 38 42 43 44 47 48 49 50 53 54 55 56 59 60 61 66 67 68 72 73 74 78 79 80 84 85 86 90 91 96 97 102 103 108 109 114 115 120 126 132 138 144 
c 3 2 33 0 6 7 12 13 18 19 24 25 30 36 37 42 43 48 49 54 55 60 61 66 67 72 73 78 79 84 85 90 96 102 108 114 
c 3 2 34 0 6 7 12 13 18 19 24 25 30 36 37 42 43 48 49 54 55 60 61 66 67 72 73 78 79 84 85 90 96 102 108 114 
c 3 2 35 0 6 7 12 13 18 19 24 25 30 36 37 42 43 48 49 54 55 60 61 66 67 72 73 78 79 84 85 90 96 102 108 114 
c 3 2 36 0 1 2 3 4 5 6 7 8 10 11 12 13 14 17 18 19 20 23 24 25 26 29 30 31 32 33 34 35 36 37 38 41 42 43 44 47 48 49 50 53 54 55 56 59 60 61 62 63 64 65 66 67 68 71 72 73 74 77 78 79 80 84 85 86 90 91 92 93 94 95 96 97 98 101 102 103 104 108 109 110 114 115 116 120 121 122 123 124 125 126 127 128 132 133 134 138 139 140 144 145 146 150 
c 3 2 37 0 1 2 3 4 5 6 7 8 10 11 12 13 14 17 18 19 20 23 24 25 26 29 30 31 32 33 34 35 36 37 38 41 42 43 44 47 48 49 50 53 54 55 56 59 60 61 62 63 64 65 66 67 68 71 72 73 74 77 78 79 80 83 84 85 86 90 91 92 93 94 95 96 97 98 101 102 103 104 108 109 110 114 115 116 120 121 122 123 124 125 126 127 128 132 133 134 138 139 140 144 145 146 150 
c 3 2 38 0 1 2 5 6 7 8 11 12 13 14 17 18 19 20 23 24 25 26 29 30 31 32 35 36 37 38 41 42 43 44 47 48 49 50 53 54 55 56 59 60 61 62 66 67 68 72 73 74 78 79 80 84 85 86 90 91 92 96 97 98 102 103 104 108 109 110 114 115 116 120 121 122 126 127 128 132 133 134 138 139 140 144 145 146 
c 3 2 39 0 6 12 13 18 19 24 25 30 36 37 42 43 48 49 54 55 60 66 72 78 84 90 96 102 108 114 
c 3 2 40 6 12 13 18 19 24 25 30 36 42 43 48 49 54 55 60 66 72 78 84 
c 3 2 41 6 12 18 19 24 25 36 42 48 54 
c 3 2 42 0 1 2 3 4 5 6 7 8 9 10 11 12 13 14 15 16 17 18 19 20 21 22 23 24 25 26 27 28 29 30 31 32 33 34 35 36 37 38 39 40 41 42 43 44 45 46 47 48 49 50 51 52 53 54 55 56 59 60 61 62 63 64 65 66 67 68 69 70 71 72 73 74 75 76 77 78 79 80 81 83 84 85 86 90 91 92 93 94 95 96 97 98 99 100 101 102 103 104 105 106 107 108 109 110 111 114 115 116 117 120 121 122 123 124 125 126 127 128 129 130 131 132 133 134 135 136 137 138 139 140 141 142 143 144 145 146 147 148 149 150 
c 3 2 43 0 1 2 3 4 5 6 7 8 9 10 11 12 13 14 15 16 17 18 19 20 21 22 23 24 25 26 27 28 29 30 31 32 33 34 35 36 37 38 39 40 41 42 43 44 45 46 47 48 49 50 51 52 53 54 55 56 57 59 60 61 62 63 64 65 66 67 68 69 70 71 72 73 74 75 76 77 78 79 80 81 83 84 85 86 89 90 91 92 93 94 95 96 97 98 99 100 101 102 103 104 105 106 107 108 109 110 111 113 114 115 116 117 120 121 122 123 124 125 126 127 128 129 130 131 132 133 134 135 136 137 138 139 140 141 142 143 144 145 146 147 148 149 150 
c 3 2 44 0 1 2 3 4 5 6 7 8 9 10 11 12 13 14 16 17 18 19 20 23 24 25 26 29 30 31 32 33 34 35 36 37 38 39 40 41 42 43 44 47 48 49 50 53 54 55 56 59 60 61 62 63 64 65 66 67 68 69 70 71 72 73 74 77 78 79 80 83 84 85 86 89 90 91 92 93 94 95 96 97 98 101 102 103 104 107 108 109 110 114 115 116 120 121 122 123 124 125 126 127 128 129 130 131 132 133 134 135 136 137 138 139 140 141 142 143 144 145 146 147 148 149 150 
c 3 2 45 6 12 13 18 19 24 25 30 36 42 43 48 49 54 55 60 66 72 78 84 
c 3 2 46 12 18 24 36 42 48 54 
c 3 2 47 
c 3 2 48 0 1 2 3 4 5 6 7 8 9 10 11 12 13 14 15 16 17 18 19 20 21 22 23 24 25 26 27 28 29 30 31 32 33 34 35 36 37 38 39 40 41 42 43 44 45 46 47 48 49 50 51 52 53 54 55 56 57 58 59 60 61 62 63 64 65 66 67 68 69 70 71 72 73 74 75 76 77 78 79 80 81 82 83 84 85 86 87 89 90 91 92 93 94 95 96 97 98 99 100 101 102 103 104 105 106 107 108 109 110 111 112 113 114 115 116 117 120 121 122 123 124 125 126 127 128 129 130 131 132 133 134 135 136 137 138 139 140 141 142 143 144 145 146 147 148 149 150 
c 3 2 49 0 1 2 3 4 5 6 7 8 9 10 11 12 13 14 15 16 17 18 19 20 21 22 23 24 25 26 27 28 29 30 31 32 33 34 35 36 37 38 39 40 41 42 43 44 45 46 47 48 49 50 51 52 53 54 55 56 57 58 59 60 61 62 63 64 65 66 67 68 69 70 71 72 73 74 75 76 77 78 79 80 81 82 83 84 85 86 87 88 89 90 91 92 93 94 95 96 97 98 99 100 101 102 103 104 105 106 107 108 109 110 111 112 113 114 115 116 117 118 119 120 121 122 123 124 125 126 127 128 129 130 131 132 133 134 135 136 137 138 139 140 141 142 143 144 145 146 147 148 149 150 
c 3 2 50 0 1 2 3 4 5 6 7 8 9 10 11 12 13 14 15 16 17 18 19 20 21 22 23 24 25 26 27 28 29 30 31 32 33 34 35 36 37 38 39 40 41 42 43 44 45 46 47 48 49 50 51 52 53 54 55 56 57 59 60 61 62 63 64 65 66 67 68 69 70 71 72 73 74 75 76 77 78 79 80 81 82 83 84 85 86 87 89 90 91 92 93 94 95 96 97 98 99 100 101 102 103 104 105 106 107 108 109 110 111 112 113 114 115 116 117 118 119 120 121 122 123 124 125 126 127 128 129 130 131 132 133 134 135 136 137 138 139 140 141 142 143 144 145 146 147 148 149 150 
c 3 2 51 6 12 18 19 24 25 36 42 48 54 
c 3 2 52 
c 3 2 53 
c 3 2 54 0 1 2 3 4 5 6 7 8 9 10 11 12 13 14 15 16 17 18 19 20 21 22 23 24 25 26 27 28 29 30 31 32 33 34 35 36 37 38 39 40 41 42 43 44 45 46 47 48 49 50 51 52 53 54 55 56 57 58 59 60 61 62 63 64 65 66 67 68 69 70 71 72 73 74 75 76 77 78 79 80 81 82 83 84 85 86 87 88 89 90 91 92 93 94 95 96 97 98 99 100 101 102 103 104 105 106 107 108 109 110 111 112 113 114 115 116 117 118 120 121 122 123 124 125 126 127 128 129 130 131 132 133 134 135 136 137 138 139 140 141 142 143 144 145 146 147 148 149 150 
c 3 2 55 0 1 2 3 4 5 6 7 8 9 10 11 12 13 14 15 16 17 18 19 20 21 22 23 24 25 26 27 28 29 30 31 32 33 34 35 36 37 38 39 40 41 42 43 44 45 46 47 48 49 50 51 52 53 54 55 56 57 58 59 60 61 62 63 64 65 66 67 68 69 70 71 72 73 74 75 76 77 78 79 80 81 82 83 84 85 86 87 88 89 90 91 92 93 94 95 96 97 98 99 100 101 102 103 104 105 106 107 108 109 110 111 112 113 114 115 116 117 118 119 120 121 122 123 124 125 126 127 128 129 130 131 132 133 134 135 136 137 138 139 140 141 142 143 144 145 146 147 148 149 150 
c 3 2 56 0 1 2 3 4 5 6 7 8 9 10 11 12 13 14 15 16 17 18 19 20 21 22 23 24 25 26 27 28 29 30 31 32 33 34 35 36 37 38 39 40 41 42 43 44 45 46 47 48 49 50 51 52 53 54 55 56 57 58 59 60 61 62 63 64 65 66 67 68 69 70 71 72 73 74 75 76 77 78 79 80 81 82 83 84 85 86 87 88 89 90 91 92 93 94 95 96 97 98 99 100 101 102 103 104 105 106 107 108 109 110 111 112 113 114 115 116 117 118 119 120 121 122 123 124 125 126 127 128 129 130 131 132 133 134 135 136 137 138 139 140 141 142 143 144 145 146 147 148 149 150 
c 3 2 57 12 18 24 36 42 48 54 
c 3 2 58 
c 3 2 59 
c 3 2 60 0 1 2 5 6 7 8 11 12 13 14 17 18 19 20 23 24 25 26 29 30 31 32 35 36 37 38 41 42 43 44 47 48 49 50 53 54 55 56 59 60 61 62 66 67 68 72 73 74 78 79 80 84 85 86 90 91 92 96 97 98 102 103 104 108 109 110 114 115 116 120 121 122 126 127 128 132 133 134 138 139 140 144 145 146 
c 3 2 61 0 1 2 5 6 7 8 11 12 13 14 17 18 19 20 23 24 25 26 29 30 31 32 35 36 37 38 41 42 43 44 47 48 49 50 53 54 55 56 59 60 61 62 66 67 68 72 73 74 78 79 80 84 85 86 90 91 92 96 97 98 102 103 104 108 109 110 114 115 116 120 121 122 126 127 128 132 133 134 138 139 140 144 145 146 
c 3 2 62 0 1 6 7 8 12 13 14 17 18 19 20 23 24 25 26 29 30 31 32 36 37 38 42 43 44 47 48 49 50 53 54 55 56 59 60 61 62 66 67 68 72 73 74 78 79 80 84 85 86 90 91 92 96 97 98 102 103 104 108 109 110 114 115 116 120 126 132 138 144 
c 3 2 63 0 6 7 12 13 18 19 24 25 30 36 37 42 43 48 49 54 55 60 61 66 67 72 73 78 79 84 85 90 96 102 108 114 
c 3 2 64 0 6 7 12 13 18 19 24 25 30 36 37 42 43 48 49 54 55 60 61 66 67 72 73 78 79 84 85 90 96 102 108 114 
c 3 2 65 0 6 7 12 13 18 19 24 25 30 36 37 42 43 48 49 54 55 60 61 66 67 72 73 78 79 84 85 90 96 102 108 114 
c 3 2 66 0 1 2 3 4 5 6 7 8 9 10 11 12 13 14 15 16 17 18 19 20 21 22 23 24 25 26 29 30 31 32 33 34 35 36 37 38 39 40 41 42 43 44 45 46 47 48 49 50 53 54 55 56 59 60 61 62 63 64 65 66 67 68 69 70 71 72 73 74 75 76 77 78 79 80 83 84 85 86 90 91 92 93 94 95 96 97 98 99 100 101 102 103 104 105 107 108 109 110 114 115 116 120 121 122 123 124 125 126 127 128 129 130 131 132 133 134 135 136 137 138 139 140 141 142 143 144 145 146 147 148 149 150 
c 3 2 67 0 1 2 3 4 5 6 7 8 9 10 11 12 13 14 15 16 17 18 19 20 21 22 23 24 25 26 29 30 31 32 33 34 35 36 37 38 39 40 41 42 43 44 45 46 47 48 49 50 53 54 55 56 59 60 61 62 63 64 65 66 67 68 69 70 71 72 73 74 75 76 77 78 79 80 83 84 85 86 89 90 91 92 93 94 95 96 97 98 99 100 101 102 103 104 107 108 109 110 114 115 116 120 121 122 123 124 125 126 127 128 129 130 131 132 133 134 135 136 137 138 139 140 141 142 143 144 145 146 147 148 149 150 
c 3 2 68 0 1 2 5 6 7 8 11 12 13 14 17 18 19 20 23 24 25 26 29 30 31 32 35 36 37 38 41 42 43 44 47 48 49 50 53 54 55 56 59 60 61 62 65 66 67 68 71 72 73 74 77 78 79 80 83 84 85 86 90 91 92 96 97 98 102 103 104 108 109 110 114 115 116 120 121 122 126 127 128 132 133 134 138 139 140 144 145 146 
c 3 2 69 0 6 12 13 18 19 24 25 30 36 37 42 43 48 49 54 55 60 66 72 78 84 
c 3 2 70 6 12 13 18 19 24 25 30 36 42 43 48 49 54 55 60 66 72 78 84 
c 3 2 71 6 12 18 24 36 42 48 54 
c 3 2 72 0 1 2 3 4 5 6 7 8 9 10 11 12 13 14 15 16 17 18 19 20 21 22 23 24 25 26 27 28 29 30 31 32 33 34 35 36 37 38 39 40 41 42 43 44 45 46 47 48 49 50 51 52 53 54 55 56 57 58 59 60 61 62 63 64 65 66 67 68 69 70 71 72 73 74 75 76 77 78 79 80 81 82 83 84 85 86 87 89 90 91 92 93 94 95 96 97 98 99 100 101 102 103 104 105 106 107 108 109 110 111 112 113 114 115 116 117 120 121 122 123 124 125 126 127 128 129 130 131 132 133 134 135 136 137 138 139 140 141 142 143 144 145 146 147 148 149 150 
c 3 2 73 0 1 2 3 4 5 6 7 8 9 10 11 12 13 14 15 16 17 18 19 20 21 22 23 24 25 26 27 28 29 30 31 32 33 34 35 36 37 38 39 40 41 42 43 44 45 46 47 48 49 50 51 52 53 54 55 56 57 58 59 60 61 62 63 64 65 66 67 68 69 70 71 72 73 74 75 76 77 78 79 80 81 82 83 84 85 86 87 89 90 91 92 93 94 95 96 97 98 99 100 101 102 103 104 105 106 107 108 109 110 111 112 113 114 115 116 117 118 119 120 121 122 123 124 125 126 127 128 129 130 131 132 133 134 135 136 137 138 139 140 141 142 143 144 145 146 147 148 149 150 
c 3 2 74 0 1 2 3 4 5 6 7 8 9 10 11 12 13 14 15 16 17 18 19 20 21 22 23 24 25 26 28 29 30 31 32 33 34 35 36 37 38 39 40 41 42 43 44 45 46 47 48 49 50 51 52 53 54 55 56 59 60 61 62 63 64 65 66 67 68 69 70 71 72 73 74 75 76 77 78 79 80 83 84 85 86 89 90 91 92 93 94 95 96 97 98 99 100 101 102 103 104 105 107 108 109 110 111 113 114 115 116 117 120 121 122 123 124 125 126 127 128 129 130 131 132 133 134 135 136 137 138 139 140 141 142 143 144 145 146 147 148 149 150 
c 3 2 75 6 12 13 18 19 24 25 30 36 42 43 48 49 54 55 60 66 72 78 84 
c 3 2 76 12 18 24 36 42 48 54 
c 3 2 77 
c 3 2 78 0 1 2 3 4 5 6 7 8 9 10 11 12 13 14 15 16 17 18 19 20 21 22 23 24 25 26 27 28 29 30 31 32 33 34 35 36 37 38 39 40 41 42 43 44 45 46 47 48 49 50 51 52 53 54 55 56 57 58 59 60 61 62 63 64 65 66 67 68 69 70 71 72 73 74 75 76 77 78 79 80 81 82 83 84 85 86 87 88 89 90 91 92 93 94 95 96 97 98 99 100 101 102 103 104 105 106 107 108 109 110 111 112 113 114 115 116 117 118 119 120 121 122 123 124 125 126 127 128 129 130 131 132 133 134 135 136 137 138 139 140 141 142 143 144 145 146 147 148 149 150 
c 3 2 79 0 1 2 3 4 5 6 7 8 9 10 11 12 13 14 15 16 17 18 19 20 21 22 23 24 25 26 27 28 29 30 31 32 33 34 35 36 37 38 39 40 41 42 43 44 45 46 47 48 49 50 51 52 53 54 55 56 57 58 59 60 61 62 63 64 65 66 67 68 69 70 71 72 73 74 75 76 77 78 79 80 81 82 83 84 85 86 87 88 89 90 91 92 93 94 95 96 97 98 99 100 101 102 103 104 105 106 107 108 109 110 111 112 113 114 115 116 117 118 119 120 121 122 123 124 125 126 127 128 129 130 131 132 133 134 135 136 137 138 139 140 141 142 143 144 145 146 147 148 149 150 
c 3 2 80 0 1 2 3 4 5 6 7 8 9 10 11 12 13 14 15 16 17 18 19 20 21 22 23 24 25 26 27 28 29 30 31 32 33 34 35 36 37 38 39 40 41 42 43 44 45 46 47 48 49 50 51 52 53 54 55 56 57 58 59 60 61 62 63 64 65 66 67 68 69 70 71 72 73 74 75 76 77 78 79 80 81 82 83 84 85 86 87 88 89 90 91 92 93 94 95 96 97 98 99 100 101 102 103 104 105 106 107 108 109 110 111 112 113 114 115 116 117 118 119 120 121 122 123 124 125 126 127 128 129 130 131 132 133 134 135 136 137 138 139 140 141 142 143 144 145 146 147 148 149 150 
c 3 2 81 6 12 18 24 36 42 48 54 
c 3 2 82 12 18 24 
c 3 2 83 
c 3 2 84 0 1 2 3 4 5 6 7 8 9 10 11 12 13 14 15 16 17 18 19 20 21 22 23 24 25 26 27 28 29 30 31 32 33 34 35 36 37 38 39 40 41 42 43 44 45 46 47 48 49 50 51 52 53 54 55 56 57 58 59 60 61 62 63 64 65 66 67 68 69 70 71 72 73 74 75 76 77 78 79 80 81 82 83 84 85 86 87 88 89 90 91 92 93 94 95 96 97 98 99 100 101 102 103 104 105 106 107 108 109 110 111 112 113 114 115 116 117 118 119 120 121 122 123 124 125 126 127 128 129 130 131 132 133 134 135 136 137 138 139 140 141 142 143 144 145 146 147 148 149 150 
c 3 2 85 0 1 2 3 4 5 6 7 8 9 10 11 12 13 14 15 16 17 18 19 20 21 22 23 24 25 26 27 28 29 30 31 32 33 34 35 36 37 38 39 40 41 42 43 44 45 46 47 48 49 50 51 52 53 54 55 56 57 58 59 60 61 62 63 64 65 66 67 68 69 70 71 72 73 74 75 76 77 78 79 80 81 82 83 84 85 86 87 88 89 90 91 92 93 94 95 96 97 98 99 100 101 102 103 104 105 106 107 108 109 110 111 112 113 114 115 116 117 118 119 120 121 122 123 124 125 126 127 128 129 130 131 132 133 134 135 136 137 138 139 140 141 142 143 144 145 146 147 148 149 150 
c 3 2 86 0 1 2 3 4 5 6 7 8 9 10 11 12 13 14 15 16 17 18 19 20 21 22 23 24 25 26 27 28 29 30 31 32 33 34 35 36 37 38 39 40 41 42 43 44 45 46 47 48 49 50 51 52 53 54 55 56 57 58 59 60 61 62 63 64 65 66 67 68 69 70 71 72 73 74 75 76 77 78 79 80 81 82 83 84 85 86 87 88 89 90 91 92 93 94 95 96 97 98 99 100 101 102 103 104 105 106 107 108 109 110 111 112 113 114 115 116 117 118 119 120 121 122 123 124 125 126 127 128 129 130 131 132 133 134 135 136 137 138 139 140 141 142 143 144 145 146 147 148 149 150 
c 3 2 87 6 12 18 24 36 42 48 54 
c 3 2 88 12 18 24 
c 3 2 89 
c 3 2 90 0 1 2 3 4 5 6 7 8 9 10 11 12 13 14 16 17 18 19 20 23 24 25 26 29 30 31 32 33 34 35 36 37 38 39 40 41 42 43 44 47 48 49 50 53 54 55 56 59 60 61 62 63 64 65 66 67 68 71 72 73 74 77 78 79 80 83 84 85 86 90 91 92 93 94 95 96 97 98 101 102 103 104 108 109 110 114 115 116 120 121 122 123 124 125 126 127 128 129 132 133 134 135 138 139 140 141 144 145 146 147 150 
c 3 2 91 0 1 2 3 4 5 6 7 8 11 12 13 14 17 18 19 20 23 24 25 26 29 30 31 32 33 34 35 36 37 38 41 42 43 44 47 48 49 50 53 54 55 56 59 60 61 62 63 64 65 66 67 68 71 72 73 74 77 78 79 80 83 84 85 86 90 91 92 93 94 95 96 97 98 101 102 103 104 108 109 110 114 115 116 120 121 122 123 124 125 126 127 128 132 133 134 138 139 140 144 145 146 150 
c 3 2 92 0 1 6 7 8 11 12 13 14 17 18 19 20 23 24 25 26 29 30 31 32 36 37 38 41 42 43 44 47 48 49 50 53 54 55 56 59 60 61 62 66 67 68 72 73 74 78 79 80 84 85 86 90 91 92 96 97 98 102 103 104 108 109 110 114 115 116 120 121 126 127 132 133 138 139 144 145 
c 3 2 93 0 6 7 12 13 18 19 24 25 30 36 37 42 43 48 49 54 55 60 61 66 67 72 73 78 79 84 85 90 96 102 108 114 
c 3 2 94 0 6 7 12 13 18 19 24 25 30 36 37 42 43 48 49 54 55 60 61 66 67 72 73 78 79 84 85 90 96 102 108 114 
c 3 2 95 0 6 7 12 13 18 19 24 25 30 36 37 42 43 48 49 54 55 60 61 66 67 72 73 78 79 84 85 90 96 102 108 114 
c 3 2 96 0 1 2 3 4 5 6 7 8 9 10 11 12 13 14 15 16 17 18 19 20 21 22 23 24 25 26 27 28 29 30 31 32 33 34 35 36 37 38 39 40 41 42 43 44 45 46 47 48 49 50 51 52 53 54 55 56 57 58 59 60 61 62 63 64 65 66 67 68 69 70 71 72 73 74 75 76 77 78 79 80 81 82 83 84 85 86 87 89 90 91 92 93 94 95 96 97 98 99 100 101 102 103 104 105 106 107 108 109 110 111 113 114 115 116 117 120 121 122 123 124 125 126 127 128 129 130 131 132 133 134 135 136 137 138 139 140 141 142 143 144 145 146 147 148 149 150 
c 3 2 97 0 1 2 3 4 5 6 7 8 9 10 11 12 13 14 15 16 17 18 19 20 21 22 23 24 25 26 27 28 29 30 31 32 33 34 35 36 37 38 39 40 41 42 43 44 45 46 47 48 49 50 51 52 53 54 55 56 57 58 59 60 61 62 63 64 65 66 67 68 69 70 71 72 73 74 75 76 77 78 79 80 81 82 83 84 85 86 87 89 90 91 92 93 94 95 96 97 98 99 100 101 102 103 104 105 106 107 108 109 110 111 113 114 115 116 117 119 120 121 122 123 124 125 126 127 128 129 130 131 132 133 134 135 136 137 138 139 140 141 142 143 144 145 146 147 148 149 150 
c 3 2 98 0 1 2 3 4 5 6 7 8 9 10 11 12 13 14 16 17 18 19 20 23 24 25 26 29 30 31 32 33 34 35 36 37 38 39 40 41 42 43 44 47 48 49 50 53 54 55 56 59 60 61 62 63 64 65 66 67 68 69 70 71 72 73 74 77 78 79 80 83 84 85 86 89 90 91 92 93 94 95 96 97 98 101 102 103 104 107 108 109 110 114 115 116 120 121 122 123 124 125 126 127 128 129 130 131 132 133 134 135 136 137 138 139 140 141 142 143 144 145 146 147 148 149 150 
c 3 2 99 0 6 12 13 18 19 24 25 30 36 37 42 43 48 49 54 55 60 66 72 78 84 
c 3 2 100 6 12 13 18 19 24 25 30 36 42 43 48 49 54 55 60 66 72 78 84 
c 3 2 101 12 18 24 36 42 48 54 
c 3 2 102 0 1 2 3 4 5 6 7 8 9 10 11 12 13 14 15 16 17 18 19 20 21 22 23 24 25 26 27 28 29 30 31 32 33 34 35 36 37 38 39 40 41 42 43 44 45 46 47 48 49 50 51 52 53 54 55 56 57 58 59 60 61 62 63 64 65 66 67 68 69 70 71 72 73 74 75 76 77 78 79 80 81 82 83 84 85 86 87 88 89 90 91 92 93 94 95 96 97 98 99 100 101 102 103 104 105 106 107 108 109 110 111 112 113 114 115 116 117 118 119 120 121 122 123 124 125 126 127 128 129 130 131 132 133 134 135 136 137 138 139 140 141 142 143 144 145 146 147 148 149 150 
c 3 2 103 0 1 2 3 4 5 6 7 8 9 10 11 12 13 14 15 16 17 18 19 20 21 22 23 24 25 26 27 28 29 30 31 32 33 34 35 36 37 38 39 40 41 42 43 44 45 46 47 48 49 50 51 52 53 54 55 56 57 58 59 60 61 62 63 64 65 66 67 68 69 70 71 72 73 74 75 76 77 78 79 80 81 82 83 84 85 86 87 88 89 90 91 92 93 94 95 96 97 98 99 100 101 102 103 104 105 106 107 108 109 110 111 112 113 114 115 116 117 118 119 120 121 122 123 124 125 126 127 128 129 130 131 132 133 134 135 136 137 138 139 140 141 142 143 144 145 146 147 148 149 150 
c 3 2 104 0 1 2 3 4 5 6 7 8 9 10 11 12 13 14 15 16 17 18 19 20 21 22 23 24 25 26 27 28 29 30 31 32 33 34 35 36 37 38 39 40 41 42 43 44 45 46 47 48 49 50 51 52 53 54 55 56 57 58 59 60 61 62 63 64 65 66 67 68 69 70 71 72 73 74 75 76 77 78 79 80 81 82 83 84 85 86 87 89 90 91 92 93 94 95 96 97 98 99 100 101 102 103 104 105 106 107 108 109 110 111 112 113 114 115 116 117 118 119 120 121 122 123 124 125 126 127 128 129 130 131 132 133 134 135 136 137 138 139 140 141 142 143 144 145 146 147 148 149 150 
c 3 2 105 6 12 13 18 19 24 25 30 36 42 43 48 49 54 55 60 66 72 78 84 
c 3 2 106 12 18 24 36 42 48 54 
c 3 2 107 12 18 24 
c 3 2 108 0 1 2 3 4 5 6 7 8 9 10 11 12 13 14 15 16 17 18 19 20 21 22 23 24 25 26 27 28 29 30 31 32 33 34 35 36 37 38 39 40 41 42 43 44 45 46 47 48 49 50 51 52 53 54 55 56 57 58 59 60 61 62 63 64 65 66 67 68 69 70 71 72 73 74 75 76 77 78 79 80 81 82 83 84 85 86 87 88 89 90 91 92 93 94 95 96 97 98 99 100 101 102 103 104 105 106 107 108 109 110 111 112 113 114 115 116 117 118 119 120 121 122 123 124 125 126 127 128 129 130 131 132 133 134 135 136 137 138 139 140 141 142 143 144 145 146 147 148 149 150 
c 3 2 109 0 1 2 3 4 5 6 7 8 9 10 11 12 13 14 15 16 17 18 19 20 21 22 23 24 25 26 27 28 29 30 31 32 33 34 35 36 37 38 39 40 41 42 43 44 45 46 47 48 49 50 51 52 53 54 55 56 57 58 59 60 61 62 63 64 65 66 67 68 69 70 71 72 73 74 75 76 77 78 79 80 81 82 83 84 85 86 87 88 89 90 91 92 93 94 95 96 97 98 99 100 101 102 103 104 105 106 107 108 109 110 111 112 113 114 115 116 117 118 119 120 121 122 123 124 125 126 127 128 129 130 131 132 133 134 135 136 137 138 139 140 141 142 143 144 145 146 147 148 149 150 
c 3 2 110 0 1 2 3 4 5 6 7 8 9 10 11 12 13 14 15 16 17 18 19 20 21 22 23 24 25 26 27 28 29 30 31 32 33 34 35 36 37 38 39 40 41 42 43 44 45 46 47 48 49 50 51 52 53 54 55 56 57 58 59 60 61 62 63 64 65 66 67 68 69 70 71 72 73 74 75 76 77 78 79 80 81 82 83 84 85 86 87 88 89 90 91 92 93 94 95 96 97 98 99 100 101 102 103 104 105 106 107 108 109 110 111 112 113 114 115 116 117 118 119 120 121 122 123 124 125 126 127 128 129 130 131 132 133 134 135 136 137 138 139 140 141 142 143 144 145 146 147 148 149 150 
c 3 2 111 6 12 13 18 19 24 25 36 42 43 48 49 54 55 60 66 72 78 84 
c 3 2 112 12 18 24 36 42 48 54 
c 3 2 113 12 18 24 
c 3 2 114 0 1 2 3 4 5 6 7 8 9 10 11 12 13 14 15 16 17 18 19 20 21 22 23 24 25 26 27 28 29 30 31 32 33 34 35 36 37 38 39 40 41 42 43 44 45 46 47 48 49 50 51 52 53 54 55 56 57 58 59 60 61 62 63 64 65 66 67 68 69 70 71 72 73 74 75 76 77 78 79 80 81 82 83 84 85 86 87 88 89 90 91 92 93 94 95 96 97 98 99 100 101 102 103 104 105 106 107 108 109 110 111 112 113 114 115 116 117 118 119 120 121 122 123 124 125 126 127 128 129 130 131 132 133 134 135 136 137 138 139 140 141 142 143 144 145 146 147 148 149 150 
c 3 2 115 0 1 2 3 4 5 6 7 8 9 10 11 12 13 14 15 16 17 18 19 20 21 22 23 24 25 26 27 28 29 30 31 32 33 34 35 36 37 38 39 40 41 42 43 44 45 46 47 48 49 50 51 52 53 54 55 56 57 58 59 60 61 62 63 64 65 66 67 68 69 70 71 72 73 74 75 76 77 78 79 80 81 82 83 84 85 86 87 88 89 90 91 92 93 94 95 96 97 98 99 100 101 102 103 104 105 106 107 108 109 110 111 112 113 114 115 116 117 118 119 120 121 122 123 124 125 126 127 128 129 130 131 132 133 134 135 136 137 138 139 140 141 142 143 144 145 146 147 148 149 150 
c 3 2 116 0 1 2 3 4 5 6 7 8 9 10 11 12 13 14 15 16 17 18 19 20 21 22 23 24 25 26 27 28 29 30 31 32 33 34 35 36 37 38 39 40 41 42 43 44 45 46 47 48 49 50 51 52 53 54 55 56 57 58 59 60 61 62 63 64 65 66 67 68 69 70 71 72 73 74 75 76 77 78 79 80 81 82 83 84 85 86 87 88 89 90 91 92 93 94 95 96 97 98 99 100 101 102 103 104 105 106 107 108 109 110 111 112 113 114 115 116 117 118 119 120 121 122 123 124 125 126 127 128 129 130 131 132 133 134 135 136 137 138 139 140 141 142 143 144 145 146 147 148 149 150 
c 3 2 117 6 12 13 18 19 24 25 36 42 43 48 49 54 55 60 66 72 78 84 
c 3 2 118 12 18 24 36 42 48 54 
c 3 2 119 12 18 24 
c 3 2 120 0 1 2 3 4 5 6 7 8 9 10 11 12 13 14 15 16 17 18 19 20 23 24 25 26 29 30 31 32 33 34 35 36 37 38 39 40 41 42 43 44 47 48 49 50 53 54 55 56 59 60 61 62 63 64 65 66 67 68 69 70 71 72 73 74 77 78 79 80 83 84 85 86 90 91 92 93 94 95 96 97 98 99 100 101 102 103 104 107 108 109 110 114 115 116 120 121 122 123 124 125 126 127 128 129 130 131 132 133 134 135 136 137 138 139 140 141 142 143 144 145 146 147 148 149 150 
c 3 2 121 0 1 2 3 4 5 6 7 8 10 11 12 13 14 17 18 19 20 23 24 25 26 29 30 31 32 33 34 35 36 37 38 41 42 43 44 47 48 49 50 53 54 55 56 59 60 61 62 63 64 65 66 67 68 71 72 73 74 77 78 79 80 83 84 85 86 90 91 92 93 94 95 96 97 98 101 102 103 104 108 109 110 114 115 116 120 121 122 123 124 125 126 127 128 132 133 134 138 139 140 144 145 146 150 
c 3 2 122 0 1 6 7 8 11 12 13 14 17 18 19 20 23 24 25 26 29 30 31 32 36 37 38 41 42 43 44 47 48 49 50 53 54 55 56 59 60 61 62 66 67 68 72 73 74 78 79 80 84 85 86 90 91 92 96 97 98 102 103 104 108 109 110 114 115 116 120 121 126 127 132 133 138 139 144 145 
c 3 2 123 0 6 7 12 13 18 19 24 25 30 36 37 42 43 48 49 54 55 60 61 66 67 72 73 78 79 84 85 90 96 102 108 114 
c 3 2 124 0 6 7 12 13 18 19 24 25 30 36 37 42 43 48 49 54 55 60 61 66 67 72 73 78 79 84 85 90 96 102 108 114 
c 3 2 125 0 6 7 12 13 18 19 24 25 30 36 37 42 43 48 49 54 55 60 61 66 67 72 73 78 79 84 85 90 96 102 108 114 
c 3 2 126 0 1 2 3 4 5 6 7 8 9 10 11 12 13 14 15 16 17 18 19 20 21 22 23 24 25 26 27 28 29 30 31 32 33 34 35 36 37 38 39 40 41 42 43 44 45 46 47 48 49 50 51 52 53 54 55 56 57 58 59 60 61 62 63 64 65 66 67 68 69 70 71 72 73 74 75 76 77 78 79 80 81 82 83 84 85 86 87 88 89 90 91 92 93 94 95 96 97 98 99 100 101 102 103 104 105 106 107 108 109 110 111 112 113 114 115 116 117 118 119 120 121 122 123 124 125 126 127 128 129 130 131 132 133 134 135 136 137 138 139 140 141 142 143 144 145 146 147 148 149 150 
c 3 2 127 0 1 2 3 4 5 6 7 8 9 10 11 12 13 14 15 16 17 18 19 20 21 22 23 24 25 26 27 28 29 30 31 32 33 34 35 36 37 38 39 40 41 42 43 44 45 46 47 48 49 50 51 52 53 54 55 56 57 58 59 60 61 62 63 64 65 66 67 68 69 70 71 72 73 74 75 76 77 78 79 80 81 82 83 84 85 86 87 89 90 91 92 93 94 95 96 97 98 99 100 101 102 103 104 105 106 107 108 109 110 111 112 113 114 115 116 117 118 119 120 121 122 123 124 125 126 127 128 129 130 131 132 133 134 135 136 137 138 139 140 141 142 143 144 145 146 147 148 149 150 
c 3 2 128 0 1 2 3 4 5 6 7 8 9 10 11 12 13 14 15 16 17 18 19 20 22 23 24 25 26 29 30 31 32 33 34 35 36 37 38 39 40 41 42 43 44 46 47 48 49 50 53 54 55 56 59 60 61 62 63 64 65 66 67 68 69 70 71 72 73 74 77 78 79 80 83 84 85 86 89 90 91 92 93 94 95 96 97 98 99 100 101 102 103 104 107 108 109 110 114 115 116 120 121 122 123 124 125 126 127 128 129 130 131 132 133 134 135 136 137 138 139 140 141 142 143 144 145 146 147 148 149 150 
c 3 2 129 6 12 13 18 19 24 25 30 36 37 42 43 48 49 54 55 60 66 72 78 84 
c 3 2 130 6 12 13 18 19 24 25 36 42 43 48 49 54 55 60 66 72 78 84 
c 3 2 131 6 12 18 19 24 25 36 42 48 54 
c 3 2 132 0 1 2 3 4 5 6 7 8 9 10 11 12 13 14 15 16 17 18 19 20 21 22 23 24 25 26 27 28 29 30 31 32 33 34 35 36 37 38 39 40 41 42 43 44 45 46 47 48 49 50 51 52 53 54 55 56 57 58 59 60 61 62 63 64 65 66 67 68 69 70 71 72 73 74 75 76 77 78 79 80 81 82 83 84 85 86 87 88 89 90 91 92 93 94 95 96 97 98 99 100 101 102 103 104 105 106 107 108 109 110 111 112 113 114 115 116 117 118 119 120 121 122 123 124 125 126 127 128 129 130 131 132 133 134 135 136 137 138 139 140 141 142 143 144 145 146 147 148 149 150 
c 3 2 133 0 1 2 3 4 5 6 7 8 9 10 11 12 13 14 15 16 17 18 19 20 21 22 23 24 25 26 27 28 29 30 31 32 33 34 35 36 37 38 39 40 41 42 43 44 45 46 47 48 49 50 51 52 53 54 55 56 57 58 59 60 61 62 63 64 65 66 67 68 69 70 71 72 73 74 75 76 77 78 79 80 81 82 83 84 85 86 87 88 89 90 91 92 93 94 95 96 97 98 99 100 101 102 103 104 105 106 107 108 109 110 111 112 113 114 115 116 117 118 119 120 121 122 123 124 125 126 127 128 129 130 131 132 133 134 135 136 137 138 139 140 141 142 143 144 145 146 147 148 149 150 
c 3 2 134 0 1 2 3 4 5 6 7 8 9 10 11 12 13 14 15 16 17 18 19 20 21 22 23 24 25 26 27 28 29 30 31 32 33 34 35 36 37 38 39 40 41 42 43 44 45 46 47 48 49 50 51 52 53 54 55 56 57 58 59 60 61 62 63 64 65 66 67 68 69 70 71 72 73 74 75 76 77 78 79 80 81 82 83 84 85 86 87 88 89 90 91 92 93 94 95 96 97 98 99 100 101 102 103 104 105 106 107 108 109 110 111 112 113 114 115 116 117 118 119 120 121 122 123 124 125 126 127 128 129 130 131 132 133 134 135 136 137 138 139 140 141 142 143 144 145 146 147 148 149 150 
c 3 2 135 6 12 13 18 19 24 25 30 36 37 42 43 48 49 54 55 60 66 72 78 84 
c 3 2 136 6 12 13 18 19 24 25 36 42 43 48 49 54 55 60 66 72 78 84 
c 3 2 137 6 12 18 19 24 25 36 42 48 54 
c 3 2 138 0 1 2 3 4 5 6 7 8 9 10 11 12 13 14 15 16 17 18 19 20 21 22 23 24 25 26 27 28 29 30 31 32 33 34 35 36 37 38 39 40 41 42 43 44 45 46 47 48 49 50 51 52 53 54 55 56 57 58 59 60 61 62 63 64 65 66 67 68 69 70 71 72 73 74 75 76 77 78 79 80 81 82 83 84 85 86 87 88 89 90 91 92 93 94 95 96 97 98 99 100 101 102 103 104 105 106 107 108 109 110 111 112 113 114 115 116 117 118 119 120 121 122 123 124 125 126 127 128 129 130 131 132 133 134 135 136 137 138 139 140 141 142 143 144 145 146 147 148 149 150 
c 3 2 139 0 1 2 3 4 5 6 7 8 9 10 11 12 13 14 15 16 17 18 19 20 21 22 23 24 25 26 27 28 29 30 31 32 33 34 35 36 37 38 39 40 41 42 43 44 45 46 47 48 49 50 51 52 53 54 55 56 57 58 59 60 61 62 63 64 65 66 67 68 69 70 71 72 73 74 75 76 77 78 79 80 81 82 83 84 85 86 87 88 89 90 91 92 93 94 95 96 97 98 99 100 101 102 103 104 105 106 107 108 109 110 111 112 113 114 115 116 117 118 119 120 121 122 123 124 125 126 127 128 129 130 131 132 133 134 135 136 137 138 139 140 141 142 143 144 145 146 147 148 149 150 
c 3 2 140 0 1 2 3 4 5 6 7 8 9 10 11 12 13 14 15 16 17 18 19 20 21 22 23 24 25 26 27 28 29 30 31 32 33 34 35 36 37 38 39 40 41 42 43 44 45 46 47 48 49 50 51 52 53 54 55 56 57 58 59 60 61 62 63 64 65 66 67 68 69 70 71 72 73 74 75 76 77 78 79 80 81 82 83 84 85 86 87 88 89 90 91 92 93 94 95 96 97 98 99 100 101 102 103 104 105 106 107 108 109 110 111 112 113 114 115 116 117 118 119 120 121 122 123 124 125 126 127 128 129 130 131 132 133 134 135 136 137 138 139 140 141 142 143 144 145 146 147 148 149 150 
c 3 2 141 6 12 13 18 19 24 25 30 36 37 42 43 48 49 54 55 60 66 72 78 84 
c 3 2 142 6 12 13 18 19 24 25 36 42 43 48 49 54 55 60 66 72 78 84 
c 3 2 143 6 12 18 19 24 25 36 42 48 54 
c 3 2 144 0 1 2 3 4 5 6 7 8 9 10 11 12 13 14 15 16 17 18 19 20 21 22 23 24 25 26 27 28 29 30 31 32 33 34 35 36 37 38 39 40 41 42 43 44 45 46 47 48 49 50 51 52 53 54 55 56 57 58 59 60 61 62 63 64 65 66 67 68 69 70 71 72 73 74 75 76 77 78 79 80 81 82 83 84 85 86 87 88 89 90 91 92 93 94 95 96 97 98 99 100 101 102 103 104 105 106 107 108 109 110 111 112 113 114 115 116 117 118 119 120 121 122 123 124 125 126 127 128 129 130 131 132 133 134 135 136 137 138 139 140 141 142 143 144 145 146 147 148 149 150 
c 3 2 145 0 1 2 3 4 5 6 7 8 9 10 11 12 13 14 15 16 17 18 19 20 21 22 23 24 25 26 27 28 29 30 31 32 33 34 35 36 37 38 39 40 41 42 43 44 45 46 47 48 49 50 51 52 53 54 55 56 57 58 59 60 61 62 63 64 65 66 67 68 69 70 71 72 73 74 75 76 77 78 79 80 81 82 83 84 85 86 87 88 89 90 91 92 93 94 95 96 97 98 99 100 101 102 103 104 105 106 107 108 109 110 111 112 113 114 115 116 117 118 119 120 121 122 123 124 125 126 127 128 129 130 131 132 133 134 135 136 137 138 139 140 141 142 143 144 145 146 147 148 149 150 
c 3 2 146 0 1 2 3 4 5 6 7 8 9 10 11 12 13 14 15 16 17 18 19 20 21 22 23 24 25 26 27 28 29 30 31 32 33 34 35 36 37 38 39 40 41 42 43 44 45 46 47 48 49 50 51 52 53 54 55 56 57 58 59 60 61 62 63 64 65 66 67 68 69 70 71 72 73 74 75 76 77 78 79 80 81 82 83 84 85 86 87 88 89 90 91 92 93 94 95 96 97 98 99 100 101 102 103 104 105 106 107 108 109 110 111 112 113 114 115 116 117 118 119 120 121 122 123 124 125 126 127 128 129 130 131 132 133 134 135 136 137 138 139 140 141 142 143 144 145 146 147 148 149 150 
c 3 2 147 6 12 13 18 19 24 25 30 36 37 42 43 48 49 54 55 60 66 72 78 84 
c 3 2 148 6 12 13 18 19 24 25 36 42 43 48 49 54 55 60 66 72 78 84 
c 3 2 149 6 12 18 19 24 25 36 42 48 54 
c 3 2 150 0 6 7 12 13 18 19 20 24 25 26 30 31 36 37 42 43 48 49 54 55 60 61 66 67 72 73 78 79 84 85 90 96 102 108 114 
c 2 1 0 18 24 48 54 72 78 84 
c 2 1 1 18 24 48 54 72 78 84 
c 2 1 2 18 24 48 54 72 78 84 
c 2 1 3 18 24 48 54 
c 2 1 4 18 24 48 54 
c 2 1 5 18 24 48 54 
c 2 1 6 18 24 48 54 55 72 78 84 102 108 114 
c 2 1 7 18 24 25 48 54 55 72 78 84 
c 2 1 8 18 24 25 48 54 72 78 84 
c 2 1 9 18 24 48 54 
c 2 1 10 18 24 48 54 
c 2 1 11 18 24 
c 2 1 12 18 24 25 48 54 55 72 78 79 84 85 102 108 114 
c 2 1 13 18 24 25 42 48 54 55 72 78 84 102 108 114 
c 2 1 14 18 24 25 42 48 54 55 72 78 84 
c 2 1 15 18 24 48 54 
c 2 1 16 24 
c 2 1 17 
c 2 1 18 18 24 25 42 48 54 55 72 78 79 84 85 102 108 114 126 132 138 144 
c 2 1 19 18 24 25 42 48 49 54 55 72 78 79 84 85 102 108 114 
c 2 1 20 18 24 25 42 48 49 54 55 72 78 84 102 108 114 
c 2 1 21 18 24 48 54 
c 2 1 22 
c 2 1 23 
c 2 1 24 18 24 25 42 48 49 54 55 72 78 79 84 85 102 103 108 109 114 115 126 132 138 144 
c 2 1 25 18 24 25 42 48 49 54 55 72 78 79 84 85 96 102 103 108 109 114 115 126 132 138 144 
c 2 1 26 18 24 25 42 48 49 54 55 72 78 79 84 85 102 108 114 
c 2 1 27 18 24 
c 2 1 28 
c 2 1 29 
c 2 1 30 18 24 48 54 55 72 78 84 
c 2 1 31 18 24 25 48 54 55 72 78 84 
c 2 1 32 18 24 25 48 54 72 78 84 
c 2 1 33 18 24 48 54 
c 2 1 34 18 24 48 54 
c 2 1 35 18 24 48 54 
c 2 1 36 18 24 25 48 54 55 72 78 84 102 108 114 
c 2 1 37 18 24 25 42 48 54 55 72 78 84 102 108 114 
c 2 1 38 18 24 25 42 48 54 55 72 78 84 
c 2 1 39 18 24 48 54 
c 2 1 40 18 24 48 54 
c 2 1 41 18 24 
c 2 1 42 18 24 25 42 48 54 55 72 78 79 84 85 102 108 114 126 132 138 144 
c 2 1 43 18 24 25 42 48 49 54 55 72 78 79 84 85 102 108 114 
c 2 1 44 18 24 25 42 48 49 54 55 72 78 84 102 108 114 
c 2 1 45 18 24 48 54 
c 2 1 46 24 
c 2 1 47 
c 2 1 48 18 24 25 42 48 49 54 55 72 78 79 84 85 102 103 108 109 114 115 126 132 138 144 
c 2 1 49 18 24 25 42 48 49 54 55 72 78 79 84 85 96 102 103 108 109 114 115 126 132 138 144 
c 2 1 50 18 24 25 42 48 49 54 55 72 78 84 102 108 114 
c 2 1 51 18 24 
c 2 1 52 
c 2 1 53 
c 2 1 54 12 18 24 25 42 48 49 54 55 72 73 78 79 84 85 96 102 103 108 109 114 115 126 132 133 138 139 144 145 
c 2 1 55 12 18 19 24 25 42 48 49 54 55 66 72 73 78 79 84 85 96 102 103 108 109 114 115 126 132 138 144 
c 2 1 56 18 24 25 42 48 49 54 55 72 78 84 102 108 114 
c 2 1 57 18 24 
c 2 1 58 
c 2 1 59 
c 2 1 60 18 24 25 48 54 55 72 78 84 102 108 114 
c 2 1 61 18 24 25 48 54 55 72 78 84 
c 2 1 62 18 24 25 48 54 72 78 84 
c 2 1 63 18 24 48 54 
c 2 1 64 18 24 48 54 
c 2 1 65 18 24 48 54 
c 2 1 66 18 24 25 42 48 54 55 72 78 79 84 85 102 108 114 
c 2 1 67 18 24 25 42 48 49 54 55 72 78 84 102 108 114 
c 2 1 68 18 24 25 42 48 54 55 72 78 84 
c 2 1 69 18 24 48 54 
c 2 1 70 18 24 48 54 
c 2 1 71 24 
c 2 1 72 18 24 25 42 48 49 54 55 72 78 79 84 85 102 103 108 109 114 115 126 132 138 144 
c 2 1 73 18 24 25 42 48 49 54 55 72 78 79 84 85 102 108 114 
c 2 1 74 18 24 25 42 48 54 55 72 78 84 
c 2 1 75 18 24 48 54 
c 2 1 76 24 
c 2 1 77 
c 2 1 78 12 18 24 25 42 48 49 54 55 72 78 79 84 85 96 102 103 108 109 114 115 126 132 133 138 139 144 145 
c 2 1 79 18 24 25 42 48 49 54 55 72 78 79 84 85 102 108 114 126 132 138 144 
c 2 1 80 18 24 25 42 48 54 55 72 78 84 
c 2 1 81 18 24 48 54 
c 2 1 82 24 
c 2 1 83 
c 2 1 84 12 18 24 25 42 48 49 54 55 72 78 79 84 85 96 102 103 108 109 114 115 126 132 133 138 139 144 145 
c 2 1 85 18 24 25 42 48 49 54 55 72 78 79 84 85 102 108 114 126 132 138 144 
c 2 1 86 18 24 25 42 48 54 55 72 78 84 
c 2 1 87 18 24 48 54 
c 2 1 88 24 
c 2 1 89 
c 2 1 90 18 24 25 48 54 55 72 78 84 102 108 114 
c 2 1 91 18 24 25 42 48 54 55 72 78 84 
c 2 1 92 18 24 25 48 54 72 78 84 
c 2 1 93 18 24 48 54 
c 2 1 94 18 24 48 54 
c 2 1 95 18 24 48 54 
c 2 1 96 18 24 25 42 48 54 55 72 78 79 84 85 102 108 114 
c 2 1 97 18 24 25 42 48 54 55 72 78 84 102 108 114 
c 2 1 98 18 24 25 48 54 72 78 84 
c 2 1 99 18 24 48 54 
c 2 1 100 18 24 48 54 
c 2 1 101 18 24 48 54 
c 2 1 102 18 24 25 42 48 54 55 72 78 79 84 85 102 108 114 
c 2 1 103 18 24 25 42 48 54 55 72 78 84 102 108 114 
c 2 1 104 18 24 25 48 54 72 78 84 
c 2 1 105 18 24 48 54 
c 2 1 106 18 24 48 54 
c 2 1 107 18 24 48 54 
c 2 1 108 18 24 25 42 48 54 55 72 78 79 84 85 102 108 114 
c 2 1 109 18 24 25 42 48 54 55 72 78 84 102 108 114 
c 2 1 110 18 24 25 48 54 72 78 84 
c 2 1 111 18 24 48 54 
c 2 1 112 18 24 48 54 
c 2 1 113 18 24 48 54 
c 2 1 114 18 24 25 42 48 54 55 72 78 79 84 85 102 108 114 
c 2 1 115 18 24 25 42 48 54 55 72 78 84 102 108 114 
c 2 1 116 18 24 25 48 54 72 78 84 
c 2 1 117 18 24 48 54 
c 2 1 118 18 24 48 54 
c 2 1 119 18 24 48 54 
c 2 1 120 18 24 48 54 72 78 84 
c 2 1 121 18 24 48 54 72 78 84 
c 2 1 122 18 24 48 54 
c 2 1 123 18 24 48 54 
c 2 1 124 18 24 48 54 
c 2 1 125 18 24 48 54 
c 2 1 126 18 24 48 54 72 78 84 
c 2 1 127 18 24 48 54 72 78 84 
c 2 1 128 18 24 48 54 
c 2 1 129 18 24 48 54 
c 2 1 130 18 24 48 54 
c 2 1 131 18 24 48 54 
c 2 1 132 18 24 48 54 72 78 84 
c 2 1 133 18 24 48 54 72 78 84 
c 2 1 134 18 24 48 54 
c 2 1 135 18 24 48 54 
c 2 1 136 18 24 48 54 
c 2 1 137 18 24 48 54 
c 2 1 138 18 24 48 54 72 78 84 
c 2 1 139 18 24 48 54 72 78 84 
c 2 1 140 18 24 48 54 
c 2 1 141 18 24 48 54 
c 2 1 142 18 24 48 54 
c 2 1 143 18 24 48 54 
c 2 1 144 18 24 48 54 72 78 84 
c 2 1 145 18 24 48 54 72 78 84 
c 2 1 146 18 24 48 54 
c 2 1 147 18 24 48 54 
c 2 1 148 18 24 48 54 
c 2 1 149 18 24 48 54 
c 2 1 150 18 24 48 54 
c 3 1 0 24 48 54 78 84 
c 3 1 1 24 48 54 
c 3 1 2 24 48 54 
c 3 1 3 24 54 
c 3 1 4 24 54 
c 3 1 5 24 54 
c 3 1 6 18 24 48 54 55 72 78 84 
c 3 1 7 24 48 54 78 84 
c 3 1 8 24 48 54 
c 3 1 9 24 54 
c 3 1 10 
c 3 1 11 
c 3 1 12 18 24 25 48 54 55 72 78 84 102 108 114 
c 3 1 13 18 24 48 54 55 72 78 84 
c 3 1 14 24 48 54 78 84 
c 3 1 15 
c 3 1 16 
c 3 1 17 
c 3 1 18 12 18 19 24 25 42 48 49 54 55 66 72 73 78 79 84 85 96 102 103 108 109 114 115 126 132 138 144 
c 3 1 19 18 24 25 42 48 49 54 55 72 78 84 102 108 114 
c 3 1 20 18 24 48 54 72 78 84 
c 3 1 21 
c 3 1 22 
c 3 1 23 
c 3 1 24 6 12 13 18 19 24 25 26 36 42 43 48 49 54 55 56 66 72 73 78 79 80 84 85 86 90 96 97 102 103 108 109 114 115 120 126 127 132 133 138 139 144 145 
c 3 1 25 12 18 19 24 25 42 48 49 54 55 72 73 78 79 84 85 96 102 108 114 
c 3 1 26 18 24 25 48 54 55 72 78 84 
c 3 1 27 
c 3 1 28 
c 3 1 29 
c 3 1 30 18 24 48 54 72 78 84 
c 3 1 31 24 48 54 78 84 
c 3 1 32 24 48 54 
c 3 1 33 24 54 
c 3 1 34 24 54 
c 3 1 35 24 54 
c 3 1 36 18 24 25 48 54 55 72 78 84 102 108 114 
c 3 1 37 18 24 48 54 55 72 78 84 
c 3 1 38 24 48 54 
c 3 1 39 24 54 
c 3 1 40 
c 3 1 41 
c 3 1 42 18 24 25 42 48 49 54 55 72 78 79 84 85 96 102 108 114 
c 3 1 43 18 24 25 42 48 49 54 55 72 78 84 102 108 114 
c 3 1 44 18 24 48 54 72 78 84 
c 3 1 45 
c 3 1 46 
c 3 1 47 
c 3 1 48 6 12 18 19 24 25 26 36 42 43 48 49 54 55 56 66 72 73 78 79 80 84 85 86 90 96 97 102 103 108 109 114 115 120 126 127 132 133 138 139 144 145 
c 3 1 49 12 18 19 24 25 42 48 49 54 55 72 73 78 79 84 85 96 102 108 114 
c 3 1 50 18 24 25 48 54 55 72 78 84 
c 3 1 51 
c 3 1 52 
c 3 1 53 
c 3 1 54 0 6 7 12 13 14 18 19 20 24 25 26 30 31 36 37 42 43 44 48 49 50 54 55 56 60 61 66 67 68 72 73 74 78 79 80 84 85 86 90 91 96 97 98 102 103 104 108 109 110 114 115 116 120 121 126 127 128 132 133 134 138 139 140 144 145 146 
c 3 1 55 6 12 13 18 19 24 25 26 36 42 43 48 49 54 55 56 66 72 73 78 79 80 84 85 86 90 96 97 102 103 108 109 114 115 120 126 132 138 144 
c 3 1 56 18 24 25 42 48 49 54 55 72 78 79 84 85 102 108 114 
c 3 1 57 
c 3 1 58 
c 3 1 59 
c 3 1 60 18 24 48 54 55 72 78 84 
c 3 1 61 24 48 54 78 84 
c 3 1 62 24 48 54 
c 3 1 63 24 54 
c 3 1 64 24 54 
c 3 1 65 24 54 
c 3 1 66 18 24 25 42 48 49 54 55 72 78 79 84 85 102 108 114 
c 3 1 67 18 24 25 48 54 55 72 78 84 
c 3 1 68 24 48 54 72 78 84 
c 3 1 69 24 54 
c 3 1 70 
c 3 1 71 
c 3 1 72 12 18 19 24 25 36 42 48 49 54 55 66 72 73 78 79 84 85 96 102 103 108 109 114 115 126 132 138 144 
c 3 1 73 18 24 25 42 48 49 54 55 72 78 79 84 85 96 102 108 114 
c 3 1 74 18 24 48 54 72 78 84 
c 3 1 75 
c 3 1 76 
c 3 1 77 
c 3 1 78 6 12 13 18 19 20 24 25 26 30 36 37 42 43 48 49 50 54 55 56 60 66 67 72 73 74 78 79 80 84 85 86 90 91 96 97 102 103 104 108 109 110 114 115 116 120 121 126 127 132 133 138 139 144 145 
c 3 1 79 12 18 19 24 25 36 42 43 48 49 54 55 56 66 72 73 78 79 84 85 96 102 103 108 109 114 115 126 132 138 144 
c 3 1 80 18 24 25 42 48 54 55 72 78 84 
c 3 1 81 
c 3 1 82 
c 3 1 83 
c 3 1 84 0 1 2 6 7 8 12 13 14 18 19 20 24 25 26 30 31 32 36 37 38 42 43 44 48 49 50 54 55 56 60 61 62 66 67 68 72 73 74 78 79 80 84 85 86 90 91 92 96 97 98 102 103 104 108 109 110 114 115 116 120 121 122 126 127 128 132 133 134 138 139 140 144 145 146 150 
c 3 1 85 6 12 13 18 19 24 25 36 42 43 48 49 54 55 56 66 72 73 78 79 84 85 90 96 97 102 103 108 109 114 115 120 126 132 138 144 
c 3 1 86 18 24 25 42 48 54 55 72 78 84 
c 3 1 87 
c 3 1 88 
c 3 1 89 
c 3 1 90 18 24 48 54 55 72 78 84 
c 3 1 91 18 24 48 54 72 78 84 
c 3 1 92 24 48 54 
c 3 1 93 24 54 
c 3 1 94 24 54 
c 3 1 95 24 54 
c 3 1 96 18 24 25 42 48 49 54 55 72 78 79 84 85 96 102 108 114 
c 3 1 97 18 24 25 42 48 54 55 72 78 84 102 108 114 
c 3 1 98 18 24 48 54 72 78 84 
c 3 1 99 24 54 
c 3 1 100 
c 3 1 101 
c 3 1 102 6 12 13 18 19 24 25 26 36 42 43 48 49 50 54 55 56 66 67 72 73 78 79 80 84 85 86 90 96 97 102 103 108 109 114 115 120 126 127 132 133 138 139 144 145 
c 3 1 103 12 18 24 25 42 48 49 54 55 72 73 78 79 84 85 96 102 108 114 
c 3 1 104 18 24 48 54 72 78 84 
c 3 1 105 
c 3 1 106 
c 3 1 107 
c 3 1 108 6 12 13 18 19 24 25 26 30 36 37 42 43 48 49 50 54 55 56 60 66 67 72 73 78 79 80 84 85 86 90 96 97 102 103 108 109 114 115 120 126 127 132 133 138 139 144 145 
c 3 1 109 12 18 24 25 42 48 49 54 55 72 73 78 79 84 85 96 102 108 114 
c 3 1 110 18 24 48 54 72 78 84 
c 3 1 111 
c 3 1 112 
c 3 1 113 
c 3 1 114 6 12 13 18 19 24 25 26 30 36 37 42 43 48 49 50 54 55 56 60 66 67 72 73 78 79 80 84 85 86 90 96 97 102 103 108 109 114 115 120 126 127 132 133 138 139 144 145 
c 3 1 115 12 18 24 25 42 48 49 54 55 72 73 78 79 84 85 96 102 108 114 
c 3 1 116 18 24 48 54 72 78 84 
c 3 1 117 
c 3 1 118 
c 3 1 119 
c 3 1 120 18 24 25 48 54 55 72 78 84 
c 3 1 121 18 24 48 54 72 78 84 
c 3 1 122 24 48 54 
c 3 1 123 24 54 
c 3 1 124 24 54 
c 3 1 125 24 54 
c 3 1 126 12 18 24 25 42 48 49 54 55 72 78 79 84 85 96 102 108 114 
c 3 1 127 18 24 48 54 55 72 78 84 
c 3 1 128 24 48 54 78 84 
c 3 1 129 24 54 
c 3 1 130 
c 3 1 131 
c 3 1 132 12 18 24 25 42 48 49 54 55 72 78 79 84 85 96 102 108 114 
c 3 1 133 18 24 48 54 55 72 78 84 
c 3 1 134 24 48 54 78 84 
c 3 1 135 
c 3 1 136 
c 3 1 137 
c 3 1 138 12 18 24 25 42 48 49 54 55 72 78 79 84 85 96 102 108 114 
c 3 1 139 18 24 48 54 55 72 78 84 
c 3 1 140 24 48 54 78 84 
c 3 1 141 
c 3 1 142 
c 3 1 143 
c 3 1 144 12 18 24 25 42 48 49 54 55 72 78 79 84 85 96 102 108 114 
c 3 1 145 18 24 48 54 55 72 78 84 
c 3 1 146 24 48 54 78 84 
c 3 1 147 
c 3 1 148 
c 3 1 149 
c 3 1 150 24 54 
m 0 26 0 1 0
m 1 21 0 1 1
m 2 18 0 1 2
m 3 18 0 1 4
m 4 21 0 1 5
m 5 26 0 1 6
m 6 29 0 2 0
m 7 24 0 2 1
m 8 21 0 2 2
m 9 21 0 2 4
m 10 24 0 2 5
m 11 29 0 2 6
m 12 34 0 3 0
m 13 29 0 3 1
m 14 26 0 3 2
m 15 26 0 3 4
m 16 29 0 3 5
m 17 34 0 3 6
m 18 41 0 4 0
m 19 36 0 4 1
m 20 33 0 4 2
m 21 33 0 4 4
m 22 36 0 4 5
m 23 41 0 4 6
m 24 50 0 5 0
m 25 45 0 5 1
m 26 42 0 5 2
m 27 42 0 5 4
m 28 45 0 5 5
m 29 50 0 5 6
m 30 19 1 1 0
m 31 14 1 1 1
m 32 11 1 1 2
m 33 11 1 1 4
m 34 14 1 1 5
m 35 19 1 1 6
m 36 22 1 2 0
m 37 17 1 2 1
m 38 14 1 2 2
m 39 14 1 2 4
m 40 17 1 2 5
m 41 22 1 2 6
m 42 27 1 3 0
m 43 22 1 3 1
m 44 19 1 3 2
m 45 19 1 3 4
m 46 22 1 3 5
m 47 27 1 3 6
m 48 34 1 4 0
m 49 29 1 4 1
m 50 26 1 4 2
m 51 26 1 4 4
m 52 29 1 4 5
m 53 34 1 4 6
m 54 43 1 5 0
m 55 38 1 5 1
m 56 35 1 5 2
m 57 35 1 5 4
m 58 38 1 5 5
m 59 43 1 5 6
m 60 14 2 1 0
m 61 9 2 1 1
m 62 6 2 1 2
m 63 6 2 1 4
m 64 9 2 1 5
m 65 14 2 1 6
m 66 17 2 2 0
m 67 12 2 2 1
m 68 9 2 2 2
m 69 9 2 2 4
m 70 12 2 2 5
m 71 17 2 2 6
m 72 22 2 3 0
m 73 17 2 3 1
m 74 14 2 3 2
m 75 14 2 3 4
m 76 17 2 3 5
m 77 22 2 3 6
m 78 29 2 4 0
m 79 24 2 4 1
m 80 21 2 4 2
m 81 21 2 4 4
m 82 24 2 4 5
m 83 29 2 4 6
m 84 38 2 5 0
m 85 33 2 5 1
m 86 30 2 5 2
m 87 30 2 5 4
m 88 33 2 5 5
m 89 38 2 5 6
m 90 11 3 1 0
m 91 6 3 1 1
m 92 3 3 1 2
m 93 3 3 1 4
m 94 6 3 1 5
m 95 11 3 1 6
m 96 14 3 2 0
m 97 9 3 2 1
m 98 6 3 2 2
m 99 6 3 2 4
m 100 9 3 2 5
m 101 14 3 2 6
m 102 19 3 3 0
m 103 14 3 3 1
m 104 11 3 3 2
m 105 11 3 3 4
m 106 14 3 3 5
m 107 19 3 3 6
m 108 26 3 4 0
m 109 21 3 4 1
m 110 18 3 4 2
m 111 18 3 4 4
m 112 21 3 4 5
m 113 26 3 4 6
m 114 35 3 5 0
m 115 30 3 5 1
m 116 27 3 5 2
m 117 27 3 5 4
m 118 30 3 5 5
m 119 35 3 5 6
m 120 10 4 1 0
m 121 5 4 1 1
m 122 2 4 1 2
m 123 2 4 1 4
m 124 5 4 1 5
m 125 10 4 1 6
m 126 13 4 2 0
m 127 8 4 2 1
m 128 5 4 2 2
m 129 5 4 2 4
m 130 8 4 2 5
m 131 13 4 2 6
m 132 18 4 3 0
m 133 13 4 3 1
m 134 10 4 3 2
m 135 10 4 3 4
m 136 13 4 3 5
m 137 18 4 3 6
m 138 25 4 4 0
m 139 20 4 4 1
m 140 17 4 4 2
m 141 17 4 4 4
m 142 20 4 4 5
m 143 25 4 4 6
m 144 34 4 5 0
m 145 29 4 5 1
m 146 26 4 5 2
m 147 26 4 5 4
m 148 29 4 5 5
m 149 34 4 5 6
m 150 0 4 0 3
