d 5 151 5 6 7
c 2 1 0 0 1 2 3 4 5 6 7 8 9 10 11 13 14 15 16 20 21 26 27 30 31 32 33 34 35 36 37 38 39 40 41 42 43 44 45 46 48 49 50 51 52 54 55 56 57 58 60 61 62 63 64 65 66 67 68 69 70 71 72 73 74 75 76 77 78 79 80 81 82 83 84 85 86 87 88 89 90 91 92 93 94 95 96 97 98 99 100 101 102 103 104 105 106 107 108 109 110 111 112 113 114 115 116 117 118 119 120 121 122 123 124 125 126 127 128 129 130 131 132 133 134 135 136 137 138 139 140 141 142 143 144 145 146 147 148 149 150 
c 2 1 1 0 1 2 3 4 5 6 7 8 9 10 11 13 14 15 20 21 26 27 30 31 32 33 34 35 36 37 38 39 40 41 42 43 44 45 46 48 49 50 51 52 54 55 56 57 58 60 61 62 63 64 65 66 67 68 69 70 71 72 73 74 75 76 77 78 79 80 81 82 83 84 85 86 87 88 89 90 91 92 93 94 95 96 97 98 99 100 101 102 103 104 105 106 107 108 109 110 111 112 113 114 115 116 117 118 119 120 121 122 123 124 125 126 127 128 129 130 131 132 133 134 135 136 137 138 139 140 141 142 143 144 145 146 147 148 149 150 
c 2 1 2 0 1 2 3 4 5 6 7 8 9 10 13 14 15 20 21 26 27 30 31 32 33 34 35 36 37 38 39 40 42 43 44 45 48 49 50 51 54 55 56 57 60 61 62 63 64 65 66 67 68 69 70 71 72 73 74 75 76 77 78 79 80 81 82 83 84 85 86 87 88 89 90 91 92 93 94 95 96 97 98 99 100 101 102 103 104 105 106 107 108 109 110 111 112 113 114 115 116 117 118 119 120 121 122 123 124 125 126 127 128 129 130 131 132 133 134 135 136 137 138 139 140 141 142 143 144 145 146 147 148 149 150 
c 2 1 3 0 1 2 3 4 6 7 8 12 13 14 19 20 25 26 30 31 32 33 34 36 37 38 42 43 44 48 49 50 54 55 56 60 61 62 63 64 65 66 67 68 69 70 71 72 73 74 75 76 77 78 79 80 81 82 83 84 85 86 87 88 89 90 91 92 93 94 95 96 97 98 99 100 101 102 103 104 105 106 107 108 109 110 111 112 113 114 115 116 117 118 119 120 121 122 123 124 125 126 127 128 129 130 131 132 133 134 135 136 137 138 139 140 141 142 143 144 145 146 147 148 149 150 
c 2 1 4 0 1 2 3 4 6 7 8 12 13 14 19 20 25 26 30 31 32 33 34 36 37 38 42 43 44 48 49 50 54 55 56 60 61 62 63 64 65 66 67 68 69 70 71 72 73 74 75 76 77 78 79 80 81 82 83 84 85 86 87 88 89 90 91 92 93 94 95 96 97 98 99 100 101 102 103 104 105 106 107 108 109 110 111 112 113 114 115 116 117 118 119 120 121 122 123 124 125 126 127 128 129 130 131 132 133 134 135 136 137 138 139 140 141 142 143 144 145 146 147 148 149 150 
c 2 1 5 0 1 2 3 4 6 7 8 12 13 14 18 19 20 24 25 26 30 31 32 33 34 36 37 38 42 43 44 48 49 50 54 55 56 60 61 62 63 64 65 66 67 68 69 70 71 72 73 74 75 76 77 78 79 80 81 82 83 84 85 86 87 88 89 90 91 92 93 94 95 96 97 98 99 100 101 102 103 104 105 106 107 108 109 110 111 112 113 114 115 116 117 118 119 120 121 122 123 124 125 126 127 128 129 130 131 132 133 134 135 136 137 138 139 140 141 142 143 144 145 146 147 148 149 150 
c 2 1 6 0 1 2 3 4 5 7 8 9 10 11 14 15 16 17 21 22 27 28 30 31 32 33 34 35 37 38 39 40 41 44 45 46 47 50 51 52 53 56 57 58 59 60 61 62 63 64 65 66 67 68 69 70 71 72 73 74 75 76 77 78 79 80 81 82 83 84 85 86 87 88 89 90 91 92 93 94 95 96 97 98 99 100 101 102 103 104 105 106 107 108 109 110 111 112 113 114 115 116 117 118 119 120 121 122 123 124 125 126 127 128 129 130 131 132 133 134 135 136 137 138 139 140 141 142 143 144 145 146 147 148 149 150 
c 2 1 7 0 1 2 3 4 5 7 8 9 10 11 14 15 16 17 20 21 22 26 27 28 30 31 32 33 34 35 37 38 39 40 41 44 45 46 47 50 51 52 53 56 57 58 59 60 61 62 63 64 65 66 67 68 69 70 71 72 73 74 75 76 77 78 79 80 81 82 83 84 85 86 87 88 89 90 91 92 93 94 95 96 97 98 99 100 101 102 103 104 105 106 107 108 109 110 111 112 113 114 115 116 117 118 119 120 121 122 123 124 125 126 127 128 129 130 131 132 133 134 135 136 137 138 139 140 141 142 143 144 145 146 147 148 149 150 
c 2 1 8 0 1 2 3 4 5 6 7 8 9 10 11 14 15 20 21 26 27 30 31 32 33 34 35 36 37 38 39 40 41 43 44 45 46 49 50 51 52 55 56 57 58 60 61 62 63 64 65 66 67 68 69 70 71 72 73 74 75 76 77 78 79 80 81 82 83 84 85 86 87 88 89 90 91 92 93 94 95 96 97 98 99 100 101 102 103 104 105 106 107 108 109 110 111 112 113 114 115 116 117 118 119 120 121 122 123 124 125 126 127 128 129 130 131 132 133 134 135 136 137 138 139 140 141 142 143 144 145 146 147 148 149 150 
c 2 1 9 0 1 2 6 7 8 12 13 14 19 20 25 26 30 31 32 36 37 38 42 43 44 48 49 50 54 55 56 60 61 62 63 64 65 66 67 68 69 70 71 72 73 74 75 76 77 78 79 80 81 82 83 84 85 86 87 88 89 90 91 92 93 94 95 96 97 98 99 100 101 102 103 104 105 106 107 108 109 110 111 112 113 114 115 116 117 118 119 120 121 122 123 124 125 126 127 128 129 130 131 132 133 134 135 136 137 138 139 140 141 142 143 144 145 146 147 148 149 150 
c 2 1 10 0 1 2 6 7 8 12 13 14 18 19 20 24 25 26 30 31 32 36 37 38 42 43 44 48 49 50 54 55 56 60 61 66 67 72 73 78 79 84 85 
c 2 1 11 0 1 6 7 8 12 13 14 18 19 20 24 25 26 30 31 36 37 42 43 48 49 54 55 60 66 72 78 84 
c 2 1 12 3 4 5 9 10 11 15 16 17 21 22 23 27 28 29 33 34 35 39 40 41 45 46 47 51 52 53 57 58 59 63 64 65 69 70 71 75 76 77 81 82 83 87 88 89 
c 2 1 13 0 1 2 3 4 5 8 9 10 11 15 16 17 21 22 27 28 30 31 32 33 34 35 38 39 40 41 44 45 46 47 50 51 52 53 56 57 58 59 60 61 62 63 64 65 66 67 68 69 70 71 72 73 74 75 76 77 78 79 80 81 82 83 84 85 86 87 88 89 90 91 92 93 94 95 96 97 98 99 100 101 102 103 104 105 106 107 108 109 110 111 112 113 114 115 116 117 118 119 120 121 122 123 124 125 126 127 128 129 130 131 132 133 134 135 136 137 138 139 140 141 142 143 144 145 146 147 148 149 150 
c 2 1 14 0 1 2 3 4 5 7 8 9 10 11 14 15 16 20 21 26 27 30 31 32 33 34 35 37 38 39 40 41 43 44 45 46 49 50 51 52 55 56 57 58 60 61 62 63 64 65 66 67 68 69 70 71 72 73 74 75 76 77 78 79 80 81 82 83 84 85 86 87 88 89 90 91 92 93 94 95 96 97 98 99 100 101 102 103 104 105 106 107 108 109 110 111 112 113 114 115 116 117 118 119 120 121 122 123 124 125 126 127 128 129 130 131 132 133 134 135 136 137 138 139 140 141 142 143 144 145 146 147 148 149 150 
c 2 1 15 0 1 2 6 7 8 12 13 14 18 19 20 24 25 26 30 31 32 36 37 38 42 43 44 48 49 50 54 55 56 60 61 62 66 67 68 72 73 74 78 79 80 84 85 86 
c 2 1 16 0 1 6 7 12 13 14 18 19 20 24 25 26 30 31 36 37 42 43 48 49 54 55 
c 2 1 17 6 7 12 13 18 19 24 25 30 36 42 48 54 
c 2 1 18 4 5 9 10 11 15 16 17 21 22 23 27 28 29 34 35 39 40 41 45 46 47 51 52 53 57 58 59 64 65 70 71 76 77 82 83 88 89 
c 2 1 19 3 4 5 9 10 11 15 16 17 21 22 23 27 28 29 33 34 35 39 40 41 45 46 47 51 52 53 57 58 59 63 64 65 69 70 71 75 76 77 81 82 83 87 88 89 
c 2 1 20 0 1 2 3 4 5 8 9 10 11 14 15 16 17 21 22 27 28 30 31 32 33 34 35 38 39 40 41 44 45 46 47 50 51 52 53 56 57 58 59 60 61 62 63 64 65 66 67 68 69 70 71 72 73 74 75 76 77 78 79 80 81 82 83 84 85 86 87 88 89 90 91 92 93 94 95 96 97 98 99 100 101 102 103 104 105 106 107 108 109 110 111 112 113 114 115 116 117 118 119 120 121 122 123 124 125 126 127 128 129 130 131 132 133 134 135 136 137 138 139 140 141 142 143 144 145 146 147 148 149 150 
c 2 1 21 0 1 6 7 8 12 13 14 18 19 20 24 25 26 30 31 32 36 37 38 42 43 44 48 49 50 54 55 56 60 66 72 78 84 
c 2 1 22 6 7 12 13 18 19 24 25 30 36 42 48 54 
c 2 1 23 12 18 24 
c 2 1 24 11 16 17 22 23 28 29 41 47 53 59 
c 2 1 25 4 5 9 10 11 15 16 17 21 22 23 27 28 29 34 35 39 40 41 45 46 47 51 52 53 57 58 59 64 65 70 71 76 77 82 83 88 89 
c 2 1 26 0 1 2 3 4 5 8 9 10 11 15 16 17 21 22 27 28 30 31 32 33 34 35 38 39 40 41 45 46 47 51 52 53 57 58 59 60 61 62 63 64 65 66 67 68 69 70 71 72 73 74 75 76 77 78 79 80 81 82 83 84 85 86 87 88 89 90 91 92 93 94 95 96 97 98 99 100 101 102 103 104 105 106 107 108 109 110 111 112 113 114 115 116 117 118 119 120 121 122 123 124 125 126 127 128 129 130 131 132 133 134 135 136 137 138 139 140 141 142 143 144 145 146 147 148 149 150 
c 2 1 27 0 1 6 7 8 12 13 14 18 19 20 24 25 26 30 31 36 37 42 43 48 49 54 55 60 66 72 78 84 
c 2 1 28 6 12 18 24 
c 2 1 29 
c 2 1 30 0 1 2 3 4 5 6 7 8 9 10 11 13 14 15 16 20 21 26 27 30 31 32 33 34 35 36 37 38 39 40 41 42 43 44 45 46 47 48 49 50 51 52 53 54 55 56 57 58 59 60 61 62 63 64 65 66 67 68 69 70 71 72 73 74 75 76 77 78 79 80 81 82 83 84 85 86 87 88 89 90 91 92 93 94 95 96 97 98 99 100 101 102 103 104 105 106 107 108 109 110 111 112 113 114 115 116 117 118 119 120 121 122 123 124 125 126 127 128 129 130 131 132 133 134 135 136 137 138 139 140 141 142 143 144 145 146 147 148 149 150 
c 2 1 31 0 1 2 3 4 5 6 7 8 9 10 11 13 14 15 16 20 21 26 27 30 31 32 33 34 35 36 37 38 39 40 41 42 43 44 45 46 48 49 50 51 52 54 55 56 57 58 60 61 62 63 64 65 66 67 68 69 70 71 72 73 74 75 76 77 78 79 80 81 82 83 84 85 86 87 88 89 90 91 92 93 94 95 96 97 98 99 100 101 102 103 104 105 106 107 108 109 110 111 112 113 114 115 116 117 118 119 120 121 122 123 124 125 126 127 128 129 130 131 132 133 134 135 136 137 138 139 140 141 142 143 144 145 146 147 148 149 150 
c 2 1 32 0 1 2 3 4 5 6 7 8 9 10 11 13 14 15 20 21 26 27 30 31 32 33 34 35 36 37 38 39 40 42 43 44 45 48 49 50 51 54 55 56 57 60 61 62 63 64 65 66 67 68 69 70 71 72 73 74 75 76 77 78 79 80 81 82 83 84 85 86 87 88 89 90 91 92 93 94 95 96 97 98 99 100 101 102 103 104 105 106 107 108 109 110 111 112 113 114 115 116 117 118 119 120 121 122 123 124 125 126 127 128 129 130 131 132 133 134 135 136 137 138 139 140 141 142 143 144 145 146 147 148 149 150 
c 2 1 33 0 1 2 3 4 6 7 8 12 13 14 19 20 25 26 30 31 32 33 34 36 37 38 42 43 44 48 49 50 54 55 56 60 61 62 63 64 65 66 67 68 69 70 71 72 73 74 75 76 77 78 79 80 81 82 83 84 85 86 87 88 89 90 91 92 93 94 95 96 97 98 99 100 101 102 103 104 105 106 107 108 109 110 111 112 113 114 115 116 117 118 119 120 121 122 123 124 125 126 127 128 129 130 131 132 133 134 135 136 137 138 139 140 141 142 143 144 145 146 147 148 149 150 
c 2 1 34 0 1 2 3 4 6 7 8 12 13 14 18 19 20 24 25 26 30 31 32 33 34 36 37 38 42 43 44 48 49 50 54 55 56 60 61 62 63 64 65 66 67 68 69 70 71 72 73 74 75 76 77 78 79 80 81 82 83 84 85 86 87 88 89 90 91 92 93 94 95 96 97 98 99 100 101 102 103 104 105 106 107 108 109 110 111 112 113 114 115 116 117 118 119 120 121 122 123 124 125 126 127 128 129 130 131 132 133 134 135 136 137 138 139 140 141 142 143 144 145 146 147 148 149 150 
c 2 1 35 0 1 2 3 4 6 7 8 12 13 14 18 19 20 24 25 26 30 31 32 33 34 36 37 38 42 43 44 48 49 50 54 55 56 60 61 62 63 64 65 66 67 68 69 70 71 72 73 74 75 76 77 78 79 80 81 82 83 84 85 86 87 88 89 90 91 92 93 94 95 96 97 98 99 100 101 102 103 104 105 106 107 108 109 110 111 112 113 114 115 116 117 118 119 120 121 122 123 124 125 126 127 128 129 130 131 132 133 134 135 136 137 138 139 140 141 142 143 144 145 146 147 148 149 150 
c 2 1 36 0 1 2 3 4 5 7 8 9 10 11 14 15 16 17 21 22 23 27 28 30 31 32 33 34 35 38 39 40 41 44 45 46 47 50 51 52 53 56 57 58 59 60 61 62 63 64 65 66 67 68 69 70 71 72 73 74 75 76 77 78 79 80 81 82 83 84 85 86 87 88 89 90 91 92 93 94 95 96 97 98 99 100 101 102 103 104 105 106 107 108 109 110 111 112 113 114 115 116 117 118 119 120 121 122 123 124 125 126 127 128 129 130 131 132 133 134 135 136 137 138 139 140 141 142 143 144 145 146 147 148 149 150 
c 2 1 37 0 1 2 3 4 5 7 8 9 10 11 14 15 16 17 20 21 22 26 27 28 30 31 32 33 34 35 37 38 39 40 41 44 45 46 47 50 51 52 53 56 57 58 59 60 61 62 63 64 65 66 67 68 69 70 71 72 73 74 75 76 77 78 79 80 81 82 83 84 85 86 87 88 89 90 91 92 93 94 95 96 97 98 99 100 101 102 103 104 105 106 107 108 109 110 111 112 113 114 115 116 117 118 119 120 121 122 123 124 125 126 127 128 129 130 131 132 133 134 135 136 137 138 139 140 141 142 143 144 145 146 147 148 149 150 
c 2 1 38 0 1 2 3 4 5 6 7 8 9 10 11 14 15 16 20 21 26 27 30 31 32 33 34 35 36 37 38 39 40 41 43 44 45 46 49 50 51 52 55 56 57 58 60 61 62 63 64 65 66 67 68 69 70 71 72 73 74 75 76 77 78 79 80 81 82 83 84 85 86 87 88 89 90 91 92 93 94 95 96 97 98 99 100 101 102 103 104 105 106 107 108 109 110 111 112 113 114 115 116 117 118 119 120 121 122 123 124 125 126 127 128 129 130 131 132 133 134 135 136 137 138 139 140 141 142 143 144 145 146 147 148 149 150 
c 2 1 39 0 1 2 6 7 8 12 13 14 19 20 25 26 30 31 32 36 37 38 42 43 44 48 49 50 54 55 56 60 61 62 63 64 65 66 67 68 69 70 71 72 73 74 75 76 77 78 79 80 81 82 83 84 85 86 87 88 89 90 91 92 93 94 95 96 97 98 99 100 101 102 103 104 105 106 107 108 109 110 111 112 113 114 115 116 117 118 119 120 121 122 123 124 125 126 127 128 129 130 131 132 133 134 135 136 137 138 139 140 141 142 143 144 145 146 147 148 149 150 
c 2 1 40 0 1 2 6 7 8 12 13 14 18 19 20 24 25 26 30 31 32 36 37 38 42 43 44 48 49 50 54 55 56 60 61 66 67 72 73 78 79 84 85 
c 2 1 41 0 1 6 7 8 12 13 14 18 19 20 24 25 26 30 31 36 37 42 43 48 49 54 55 
c 2 1 42 3 4 5 9 10 11 15 16 17 21 22 23 27 28 29 33 34 35 39 40 41 45 46 47 51 52 53 57 58 59 63 64 65 69 70 71 75 76 77 81 82 83 87 88 89 
c 2 1 43 0 1 2 3 4 5 8 9 10 11 15 16 17 21 22 23 27 28 31 32 33 34 35 38 39 40 41 45 46 47 51 52 53 57 58 59 60 61 62 63 64 65 67 68 69 70 71 73 74 75 76 77 79 80 81 82 83 85 86 87 88 89 90 91 92 93 94 95 96 97 98 99 100 101 102 103 104 105 106 107 108 109 110 111 112 113 114 115 116 117 118 119 120 121 122 123 124 125 126 127 128 129 130 131 132 133 134 135 136 137 138 139 140 141 142 143 144 145 146 147 148 149 150 
c 2 1 44 0 1 2 3 4 5 7 8 9 10 11 14 15 16 20 21 26 27 30 31 32 33 34 35 37 38 39 40 41 44 45 46 50 51 52 56 57 58 60 61 62 63 64 65 66 67 68 69 70 71 72 73 74 75 76 77 78 79 80 81 82 83 84 85 86 87 88 89 90 91 92 93 94 95 96 97 98 99 100 101 102 103 104 105 106 107 108 109 110 111 112 113 114 115 116 117 118 119 120 121 122 123 124 125 126 127 128 129 130 131 132 133 134 135 136 137 138 139 140 141 142 143 144 145 146 147 148 149 150 
c 2 1 45 0 1 2 6 7 8 12 13 14 19 20 25 26 30 31 32 36 37 38 42 43 44 48 49 50 54 55 56 60 61 66 67 72 73 78 79 84 85 
c 2 1 46 0 6 7 12 13 18 19 24 25 30 31 36 37 42 43 48 49 54 55 
c 2 1 47 6 12 13 18 19 24 25 
c 2 1 48 4 5 9 10 11 15 16 17 21 22 23 27 28 29 34 35 39 40 41 45 46 47 51 52 53 57 58 59 65 71 77 83 89 
c 2 1 49 2 3 4 5 9 10 11 15 16 17 21 22 23 27 28 32 33 34 35 39 40 41 45 46 47 51 52 53 57 58 59 62 63 64 65 69 70 71 75 76 77 81 82 83 87 88 89 90 91 92 93 94 95 96 97 98 99 100 101 102 103 104 105 106 107 108 109 110 111 112 113 114 115 116 117 118 119 120 121 122 123 124 125 126 127 128 129 130 131 132 133 134 135 136 137 138 139 140 141 142 143 144 145 146 147 148 149 150 
c 2 1 50 0 1 2 3 4 5 7 8 9 10 11 14 15 16 20 21 26 27 30 31 32 33 34 35 37 38 39 40 41 44 45 46 50 51 52 56 57 58 60 61 62 63 64 65 66 67 68 69 70 71 72 73 74 75 76 77 78 79 80 81 82 83 84 85 86 87 88 89 90 91 92 93 94 95 96 97 98 99 100 101 102 103 104 105 106 107 108 109 110 111 112 113 114 115 116 117 118 119 120 121 122 123 124 125 126 127 128 129 130 131 132 133 134 135 136 137 138 139 140 141 142 143 144 145 146 147 148 149 150 
c 2 1 51 0 1 2 6 7 8 12 13 14 19 20 25 26 30 31 32 36 37 38 42 43 44 48 49 50 54 55 56 60 61 66 67 72 73 78 79 84 85 
c 2 1 52 0 6 7 12 13 18 19 24 25 30 31 36 37 42 43 48 49 54 55 
c 2 1 53 6 12 13 18 19 24 25 
c 2 1 54 4 5 9 10 11 15 16 17 21 22 23 27 28 29 34 35 39 40 41 45 46 47 51 52 53 57 58 59 65 71 77 83 89 
c 2 1 55 2 3 4 5 9 10 11 15 16 17 21 22 23 27 28 32 33 34 35 39 40 41 45 46 47 51 52 53 57 58 59 62 63 64 65 69 70 71 75 76 77 81 82 83 87 88 89 90 91 92 93 94 95 96 97 98 99 100 101 102 103 104 105 106 107 108 109 110 111 112 113 114 115 116 117 118 119 120 121 122 123 124 125 126 127 128 129 130 131 132 133 134 135 136 137 138 139 140 141 142 143 144 145 146 147 148 149 150 
c 2 1 56 0 1 2 3 4 5 7 8 9 10 11 14 15 16 20 21 26 27 30 31 32 33 34 35 37 38 39 40 41 44 45 46 50 51 52 56 57 58 60 61 62 63 64 65 66 67 68 69 70 71 72 73 74 75 76 77 78 79 80 81 82 83 84 85 86 87 88 89 90 91 92 93 94 95 96 97 98 99 100 101 102 103 104 105 106 107 108 109 110 111 112 113 114 115 116 117 118 119 120 121 122 123 124 125 126 127 128 129 130 131 132 133 134 135 136 137 138 139 140 141 142 143 144 145 146 147 148 149 150 
c 2 1 57 0 1 2 6 7 8 12 13 14 19 20 25 26 30 31 32 36 37 38 42 43 44 48 49 50 54 55 56 60 61 66 67 72 73 78 79 84 85 
c 2 1 58 0 6 7 12 13 18 19 24 25 30 31 36 37 42 43 48 49 54 55 
c 2 1 59 6 12 13 18 19 24 25 
c 2 1 60 0 1 2 3 4 5 6 7 8 9 10 11 13 14 15 16 17 20 21 22 26 27 28 30 31 32 33 34 35 36 37 38 39 40 41 42 43 44 45 46 47 48 49 50 51 52 53 54 55 56 57 58 59 60 61 62 63 64 65 66 67 68 69 70 71 72 73 74 75 76 77 78 79 80 81 82 83 84 85 86 87 88 89 90 91 92 93 94 95 96 97 98 99 100 101 102 103 104 105 106 107 108 109 110 111 112 113 114 115 116 117 118 119 120 121 122 123 124 125 126 127 128 129 130 131 132 133 134 135 136 137 138 139 140 141 142 143 144 145 146 147 148 149 150 
c 2 1 61 0 1 2 3 4 5 6 7 8 9 10 11 13 14 15 16 20 21 26 27 30 31 32 33 34 35 36 37 38 39 40 41 42 43 44 45 46 47 48 49 50 51 52 53 54 55 56 57 58 59 60 61 62 63 64 65 66 67 68 69 70 71 72 73 74 75 76 77 78 79 80 81 82 83 84 85 86 87 88 89 90 91 92 93 94 95 96 97 98 99 100 101 102 103 104 105 106 107 108 109 110 111 112 113 114 115 116 117 118 119 120 121 122 123 124 125 126 127 128 129 130 131 132 133 134 135 136 137 138 139 140 141 142 143 144 145 146 147 148 149 150 
c 2 1 62 0 1 2 3 4 5 6 7 8 9 10 11 13 14 15 20 21 26 27 30 31 32 33 34 35 36 37 38 39 40 41 42 43 44 45 46 48 49 50 51 52 54 55 56 57 58 60 61 62 63 64 65 66 67 68 69 70 71 72 73 74 75 76 77 78 79 80 81 82 83 84 85 86 87 88 89 90 91 92 93 94 95 96 97 98 99 100 101 102 103 104 105 106 107 108 109 110 111 112 113 114 115 116 117 118 119 120 121 122 123 124 125 126 127 128 129 130 131 132 133 134 135 136 137 138 139 140 141 142 143 144 145 146 147 148 149 150 
c 2 1 63 0 1 2 3 4 6 7 8 12 13 14 19 20 25 26 30 31 32 33 34 36 37 38 42 43 44 48 49 50 54 55 56 60 61 62 63 64 65 66 67 68 69 70 71 72 73 74 75 76 77 78 79 80 81 82 83 84 85 86 87 88 89 90 91 92 93 94 95 96 97 98 99 100 101 102 103 104 105 106 107 108 109 110 111 112 113 114 115 116 117 118 119 120 121 122 123 124 125 126 127 128 129 130 131 132 133 134 135 136 137 138 139 140 141 142 143 144 145 146 147 148 149 150 
c 2 1 64 0 1 2 3 4 6 7 8 12 13 14 18 19 20 24 25 26 30 31 32 33 34 36 37 38 42 43 44 48 49 50 54 55 56 60 61 62 63 64 65 66 67 68 69 70 71 72 73 74 75 76 77 78 79 80 81 82 83 84 85 86 87 88 89 90 91 92 93 94 95 96 97 98 99 100 101 102 103 104 105 106 107 108 109 110 111 112 113 114 115 116 117 118 119 120 121 122 123 124 125 126 127 128 129 130 131 132 133 134 135 136 137 138 139 140 141 142 143 144 145 146 147 148 149 150 
c 2 1 65 0 1 2 3 4 6 7 8 12 13 14 18 19 20 24 25 26 30 31 32 33 34 36 37 38 42 43 44 48 49 50 54 55 56 60 61 62 63 64 65 66 67 68 69 70 71 72 73 74 75 76 77 78 79 80 81 82 83 84 85 86 87 88 89 90 91 92 93 94 95 96 97 98 99 100 101 102 103 104 105 106 107 108 109 110 111 112 113 114 115 116 117 118 119 120 121 122 123 124 125 126 127 128 129 130 131 132 133 134 135 136 137 138 139 140 141 142 143 144 145 146 147 148 149 150 
c 2 1 66 0 1 2 3 4 5 8 9 10 11 15 16 17 21 22 23 27 28 29 30 31 32 33 34 35 38 39 40 41 44 45 46 47 50 51 52 53 56 57 58 59 60 61 62 63 64 65 66 67 68 69 70 71 72 73 74 75 76 77 78 79 80 81 82 83 84 85 86 87 88 89 90 91 92 93 94 95 96 97 98 99 100 101 102 103 104 105 106 107 108 109 110 111 112 113 114 115 116 117 118 119 120 121 122 123 124 125 126 127 128 129 130 131 132 133 134 135 136 137 138 139 140 141 142 143 144 145 146 147 148 149 150 
c 2 1 67 0 1 2 3 4 5 7 8 9 10 11 14 15 16 17 20 21 22 26 27 28 30 31 32 33 34 35 37 38 39 40 41 44 45 46 47 50 51 52 53 56 57 58 59 60 61 62 63 64 65 66 67 68 69 70 71 72 73 74 75 76 77 78 79 80 81 82 83 84 85 86 87 88 89 90 91 92 93 94 95 96 97 98 99 100 101 102 103 104 105 106 107 108 109 110 111 112 113 114 115 116 117 118 119 120 121 122 123 124 125 126 127 128 129 130 131 132 133 134 135 136 137 138 139 140 141 142 143 144 145 146 147 148 149 150 
c 2 1 68 0 1 2 3 4 5 6 7 8 9 10 11 14 15 20 21 26 27 30 31 32 33 34 35 36 37 38 39 40 41 43 44 45 46 49 50 51 52 55 56 57 58 60 61 62 63 64 65 66 67 68 69 70 71 72 73 74 75 76 77 78 79 80 81 82 83 84 85 86 87 88 89 90 91 92 93 94 95 96 97 98 99 100 101 102 103 104 105 106 107 108 109 110 111 112 113 114 115 116 117 118 119 120 121 122 123 124 125 126 127 128 129 130 131 132 133 134 135 136 137 138 139 140 141 142 143 144 145 146 147 148 149 150 
c 2 1 69 0 1 2 6 7 8 12 13 14 19 20 25 26 30 31 32 36 37 38 42 43 44 48 49 50 54 55 56 60 61 62 66 67 68 72 73 74 78 79 80 84 85 86 
c 2 1 70 0 1 2 6 7 8 12 13 14 18 19 20 24 25 26 30 31 32 36 37 38 42 43 44 48 49 50 54 55 56 60 61 66 67 72 73 78 79 84 85 
c 2 1 71 0 1 6 7 8 12 13 14 18 19 20 24 25 26 30 31 36 37 42 43 48 49 54 55 60 66 72 78 84 
c 2 1 72 0 1 2 3 4 5 8 9 10 11 15 16 17 21 22 23 27 28 29 30 31 32 33 34 35 38 39 40 41 44 45 46 47 50 51 52 53 56 57 58 59 60 61 62 63 64 65 66 67 68 69 70 71 72 73 74 75 76 77 78 79 80 81 82 83 84 85 86 87 88 89 90 91 92 93 94 95 96 97 98 99 100 101 102 103 104 105 106 107 108 109 110 111 112 113 114 115 116 117 118 119 120 121 122 123 124 125 126 127 128 129 130 131 132 133 134 135 136 137 138 139 140 141 142 143 144 145 146 147 148 149 150 
c 2 1 73 0 1 2 3 4 5 7 8 9 10 11 14 15 16 17 20 21 22 26 27 28 30 31 32 33 34 35 37 38 39 40 41 44 45 46 47 50 51 52 53 56 57 58 59 60 61 62 63 64 65 66 67 68 69 70 71 72 73 74 75 76 77 78 79 80 81 82 83 84 85 86 87 88 89 90 91 92 93 94 95 96 97 98 99 100 101 102 103 104 105 106 107 108 109 110 111 112 113 114 115 116 117 118 119 120 121 122 123 124 125 126 127 128 129 130 131 132 133 134 135 136 137 138 139 140 141 142 143 144 145 146 147 148 149 150 
c 2 1 74 0 1 2 3 4 5 6 7 8 9 10 11 14 15 20 21 26 27 30 31 32 33 34 35 36 37 38 39 40 41 43 44 45 46 49 50 51 52 55 56 57 58 60 61 62 63 64 65 66 67 68 69 70 71 72 73 74 75 76 77 78 79 80 81 82 83 84 85 86 87 88 89 90 91 92 93 94 95 96 97 98 99 100 101 102 103 104 105 106 107 108 109 110 111 112 113 114 115 116 117 118 119 120 121 122 123 124 125 126 127 128 129 130 131 132 133 134 135 136 137 138 139 140 141 142 143 144 145 146 147 148 149 150 
c 2 1 75 0 1 2 6 7 8 12 13 14 19 20 25 26 30 31 32 36 37 38 42 43 44 48 49 50 54 55 56 60 61 62 66 67 68 72 73 74 78 79 80 84 85 86 
c 2 1 76 0 1 2 6 7 8 12 13 14 18 19 20 24 25 26 30 31 32 36 37 38 42 43 44 48 49 50 54 55 56 60 61 66 67 72 73 78 79 84 85 
c 2 1 77 0 1 6 7 8 12 13 14 18 19 20 24 25 26 30 31 36 37 42 43 48 49 54 55 60 66 72 78 84 
c 2 1 78 0 1 2 3 4 5 8 9 10 11 15 16 17 21 22 23 27 28 29 30 31 32 33 34 35 38 39 40 41 44 45 46 47 50 51 52 53 56 57 58 59 60 61 62 63 64 65 66 67 68 69 70 71 72 73 74 75 76 77 78 79 80 81 82 83 84 85 86 87 88 89 90 91 92 93 94 95 96 97 98 99 100 101 102 103 104 105 106 107 108 109 110 111 112 113 114 115 116 117 118 119 120 121 122 123 124 125 126 127 128 129 130 131 132 133 134 135 136 137 138 139 140 141 142 143 144 145 146 147 148 149 150 
c 2 1 79 0 1 2 3 4 5 7 8 9 10 11 14 15 16 17 20 21 22 26 27 28 30 31 32 33 34 35 37 38 39 40 41 44 45 46 47 50 51 52 53 56 57 58 59 60 61 62 63 64 65 66 67 68 69 70 71 72 73 74 75 76 77 78 79 80 81 82 83 84 85 86 87 88 89 90 91 92 93 94 95 96 97 98 99 100 101 102 103 104 105 106 107 108 109 110 111 112 113 114 115 116 117 118 119 120 121 122 123 124 125 126 127 128 129 130 131 132 133 134 135 136 137 138 139 140 141 142 143 144 145 146 147 148 149 150 
c 2 1 80 0 1 2 3 4 5 6 7 8 9 10 11 14 15 20 21 26 27 30 31 32 33 34 35 36 37 38 39 40 41 43 44 45 46 49 50 51 52 55 56 57 58 60 61 62 63 64 65 66 67 68 69 70 71 72 73 74 75 76 77 78 79 80 81 82 83 84 85 86 87 88 89 90 91 92 93 94 95 96 97 98 99 100 101 102 103 104 105 106 107 108 109 110 111 112 113 114 115 116 117 118 119 120 121 122 123 124 125 126 127 128 129 130 131 132 133 134 135 136 137 138 139 140 141 142 143 144 145 146 147 148 149 150 
c 2 1 81 0 1 2 6 7 8 12 13 14 19 20 25 26 30 31 32 36 37 38 42 43 44 48 49 50 54 55 56 60 61 62 66 67 68 72 73 74 78 79 80 84 85 86 
c 2 1 82 0 1 2 6 7 8 12 13 14 18 19 20 24 25 26 30 31 32 36 37 38 42 43 44 48 49 50 54 55 56 60 61 66 67 72 73 78 79 84 85 
c 2 1 83 0 1 6 7 8 12 13 14 18 19 20 24 25 26 30 31 36 37 42 43 48 49 54 55 60 66 72 78 84 
c 2 1 84 0 1 2 3 4 5 8 9 10 11 15 16 17 21 22 23 27 28 29 30 31 32 33 34 35 38 39 40 41 44 45 46 47 50 51 52 53 56 57 58 59 60 61 62 63 64 65 66 67 68 69 70 71 72 73 74 75 76 77 78 79 80 81 82 83 84 85 86 87 88 89 90 91 92 93 94 95 96 97 98 99 100 101 102 103 104 105 106 107 108 109 110 111 112 113 114 115 116 117 118 119 120 121 122 123 124 125 126 127 128 129 130 131 132 133 134 135 136 137 138 139 140 141 142 143 144 145 146 147 148 149 150 
c 2 1 85 0 1 2 3 4 5 7 8 9 10 11 14 15 16 17 20 21 22 26 27 28 30 31 32 33 34 35 37 38 39 40 41 44 45 46 47 50 51 52 53 56 57 58 59 60 61 62 63 64 65 66 67 68 69 70 71 72 73 74 75 76 77 78 79 80 81 82 83 84 85 86 87 88 89 90 91 92 93 94 95 96 97 98 99 100 101 102 103 104 105 106 107 108 109 110 111 112 113 114 115 116 117 118 119 120 121 122 123 124 125 126 127 128 129 130 131 132 133 134 135 136 137 138 139 140 141 142 143 144 145 146 147 148 149 150 
c 2 1 86 0 1 2 3 4 5 6 7 8 9 10 11 14 15 20 21 26 27 30 31 32 33 34 35 36 37 38 39 40 41 43 44 45 46 49 50 51 52 55 56 57 58 60 61 62 63 64 65 66 67 68 69 70 71 72 73 74 75 76 77 78 79 80 81 82 83 84 85 86 87 88 89 90 91 92 93 94 95 96 97 98 99 100 101 102 103 104 105 106 107 108 109 110 111 112 113 114 115 116 117 118 119 120 121 122 123 124 125 126 127 128 129 130 131 132 133 134 135 136 137 138 139 140 141 142 143 144 145 146 147 148 149 150 
c 2 1 87 0 1 2 6 7 8 12 13 14 19 20 25 26 30 31 32 36 37 38 42 43 44 48 49 50 54 55 56 60 61 62 66 67 68 72 73 74 78 79 80 84 85 86 
c 2 1 88 0 1 2 6 7 8 12 13 14 18 19 20 24 25 26 30 31 32 36 37 38 42 43 44 48 49 50 54 55 56 60 61 66 67 72 73 78 79 84 85 
c 2 1 89 0 1 6 7 8 12 13 14 18 19 20 24 25 26 30 31 36 37 42 43 48 49 54 55 60 66 72 78 84 
c 2 1 90 0 1 2 3 4 5 6 7 8 9 10 11 13 14 15 20 21 26 27 30 31 32 33 34 35 36 37 38 39 40 41 42 43 44 45 46 48 49 50 51 52 54 55 56 57 58 60 61 62 63 64 65 66 67 68 69 70 71 72 73 74 75 76 77 78 79 80 81 82 83 84 85 86 87 88 89 90 91 92 93 94 95 96 97 98 99 100 101 102 103 104 105 106 107 108 109 110 111 112 113 114 115 116 117 118 119 120 121 122 123 124 125 126 127 128 129 130 131 132 133 134 135 136 137 138 139 140 141 142 143 144 145 146 147 148 149 150 
c 2 1 91 0 1 2 3 4 5 6 7 8 9 10 13 14 15 20 26 30 31 32 33 34 35 36 37 38 39 40 42 43 44 45 48 49 50 51 54 55 56 57 60 61 62 63 64 65 66 67 68 69 70 71 72 73 74 75 76 77 78 79 80 81 82 83 84 85 86 87 88 89 90 91 92 93 94 95 96 97 98 99 100 101 102 103 104 105 106 107 108 109 110 111 112 113 114 115 116 117 118 119 120 121 122 123 124 125 126 127 128 129 130 131 132 133 134 135 136 137 138 139 140 141 142 143 144 145 146 147 148 149 150 
c 2 1 92 0 1 2 3 4 5 6 7 8 9 13 14 20 26 30 31 32 33 34 35 36 37 38 39 42 43 44 45 48 49 50 51 54 55 56 57 60 61 62 63 64 65 66 67 68 69 70 71 72 73 74 75 76 77 78 79 80 81 82 83 84 85 86 87 88 89 90 91 92 93 94 95 96 97 98 99 100 101 102 103 104 105 106 107 108 109 110 111 112 113 114 115 116 117 118 119 120 121 122 123 124 125 126 127 128 129 130 131 132 133 134 135 136 137 138 139 140 141 142 143 144 145 146 147 148 149 150 
c 2 1 93 0 1 2 3 4 6 7 8 13 14 19 20 25 26 30 31 32 33 34 36 37 38 42 43 44 48 49 50 54 55 56 60 61 62 63 64 65 66 67 68 69 70 71 72 73 74 75 76 77 78 79 80 81 82 83 84 85 86 87 88 89 90 91 92 93 94 95 96 97 98 99 100 101 102 103 104 105 106 107 108 109 110 111 112 113 114 115 116 117 118 119 120 121 122 123 124 125 126 127 128 129 130 131 132 133 134 135 136 137 138 139 140 141 142 143 144 145 146 147 148 149 150 
c 2 1 94 0 1 2 3 4 6 7 8 13 14 19 20 25 26 30 31 32 33 34 36 37 38 42 43 44 48 49 50 54 55 56 60 61 62 63 64 65 66 67 68 69 70 71 72 73 74 75 76 77 78 79 80 81 82 83 84 85 86 87 88 89 90 91 92 93 94 95 96 97 98 99 100 101 102 103 104 105 106 107 108 109 110 111 112 113 114 115 116 117 118 119 120 121 122 123 124 125 126 127 128 129 130 131 132 133 134 135 136 137 138 139 140 141 142 143 144 145 146 147 148 149 150 
c 2 1 95 0 1 2 3 4 6 7 8 13 14 19 20 25 26 30 31 32 33 34 36 37 38 42 43 44 48 49 50 54 55 56 60 61 62 63 64 65 66 67 68 69 70 71 72 73 74 75 76 77 78 79 80 81 82 83 84 85 86 87 88 89 90 91 92 93 94 95 96 97 98 99 100 101 102 103 104 105 106 107 108 109 110 111 112 113 114 115 116 117 118 119 120 121 122 123 124 125 126 127 128 129 130 131 132 133 134 135 136 137 138 139 140 141 142 143 144 145 146 147 148 149 150 
c 2 1 96 0 1 2 3 4 5 6 7 8 9 10 11 13 14 15 20 21 26 27 30 31 32 33 34 35 36 37 38 39 40 41 42 43 44 45 46 48 49 50 51 52 54 55 56 57 58 60 61 62 63 64 65 66 67 68 69 70 71 72 73 74 75 76 77 78 79 80 81 82 83 84 85 86 87 88 89 90 91 92 93 94 95 96 97 98 99 100 101 102 103 104 105 106 107 108 109 110 111 112 113 114 115 116 117 118 119 120 121 122 123 124 125 126 127 128 129 130 131 132 133 134 135 136 137 138 139 140 141 142 143 144 145 146 147 148 149 150 
c 2 1 97 0 1 2 3 4 5 6 7 8 9 10 13 14 15 20 26 30 31 32 33 34 35 36 37 38 39 40 42 43 44 45 48 49 50 51 54 55 56 57 60 61 62 63 64 65 66 67 68 69 70 71 72 73 74 75 76 77 78 79 80 81 82 83 84 85 86 87 88 89 90 91 92 93 94 95 96 97 98 99 100 101 102 103 104 105 106 107 108 109 110 111 112 113 114 115 116 117 118 119 120 121 122 123 124 125 126 127 128 129 130 131 132 133 134 135 136 137 138 139 140 141 142 143 144 145 146 147 148 149 150 
c 2 1 98 0 1 2 3 4 5 6 7 8 9 13 14 20 26 30 31 32 33 34 35 36 37 38 39 42 43 44 45 48 49 50 51 54 55 56 57 60 61 62 63 64 65 66 67 68 69 70 71 72 73 74 75 76 77 78 79 80 81 82 83 84 85 86 87 88 89 90 91 92 93 94 95 96 97 98 99 100 101 102 103 104 105 106 107 108 109 110 111 112 113 114 115 116 117 118 119 120 121 122 123 124 125 126 127 128 129 130 131 132 133 134 135 136 137 138 139 140 141 142 143 144 145 146 147 148 149 150 
c 2 1 99 0 1 2 3 4 6 7 8 13 14 19 20 25 26 30 31 32 33 34 36 37 38 42 43 44 48 49 50 54 55 56 60 61 62 63 64 65 66 67 68 69 70 71 72 73 74 75 76 77 78 79 80 81 82 83 84 85 86 87 88 89 90 91 92 93 94 95 96 97 98 99 100 101 102 103 104 105 106 107 108 109 110 111 112 113 114 115 116 117 118 119 120 121 122 123 124 125 126 127 128 129 130 131 132 133 134 135 136 137 138 139 140 141 142 143 144 145 146 147 148 149 150 
c 2 1 100 0 1 2 3 4 6 7 8 13 14 19 20 25 26 30 31 32 33 34 36 37 38 42 43 44 48 49 50 54 55 56 60 61 62 63 64 65 66 67 68 69 70 71 72 73 74 75 76 77 78 79 80 81 82 83 84 85 86 87 88 89 90 91 92 93 94 95 96 97 98 99 100 101 102 103 104 105 106 107 108 109 110 111 112 113 114 115 116 117 118 119 120 121 122 123 124 125 126 127 128 129 130 131 132 133 134 135 136 137 138 139 140 141 142 143 144 145 146 147 148 149 150 
c 2 1 101 0 1 2 3 4 6 7 8 13 14 19 20 25 26 30 31 32 33 34 36 37 38 42 43 44 48 49 50 54 55 56 60 61 62 63 64 65 66 67 68 69 70 71 72 73 74 75 76 77 78 79 80 81 82 83 84 85 86 87 88 89 90 91 92 93 94 95 96 97 98 99 100 101 102 103 104 105 106 107 108 109 110 111 112 113 114 115 116 117 118 119 120 121 122 123 124 125 126 127 128 129 130 131 132 133 134 135 136 137 138 139 140 141 142 143 144 145 146 147 148 149 150 
c 2 1 102 0 1 2 3 4 5 6 7 8 9 10 11 13 14 15 20 21 26 27 30 31 32 33 34 35 36 37 38 39 40 41 42 43 44 45 46 48 49 50 51 52 54 55 56 57 58 60 61 62 63 64 65 66 67 68 69 70 71 72 73 74 75 76 77 78 79 80 81 82 83 84 85 86 87 88 89 90 91 92 93 94 95 96 97 98 99 100 101 102 103 104 105 106 107 108 109 110 111 112 113 114 115 116 117 118 119 120 121 122 123 124 125 126 127 128 129 130 131 132 133 134 135 136 137 138 139 140 141 142 143 144 145 146 147 148 149 150 
c 2 1 103 0 1 2 3 4 5 6 7 8 9 10 13 14 15 20 26 30 31 32 33 34 35 36 37 38 39 40 42 43 44 45 48 49 50 51 54 55 56 57 60 61 62 63 64 65 66 67 68 69 70 71 72 73 74 75 76 77 78 79 80 81 82 83 84 85 86 87 88 89 90 91 92 93 94 95 96 97 98 99 100 101 102 103 104 105 106 107 108 109 110 111 112 113 114 115 116 117 118 119 120 121 122 123 124 125 126 127 128 129 130 131 132 133 134 135 136 137 138 139 140 141 142 143 144 145 146 147 148 149 150 
c 2 1 104 0 1 2 3 4 5 6 7 8 9 13 14 20 26 30 31 32 33 34 35 36 37 38 39 42 43 44 45 48 49 50 51 54 55 56 57 60 61 62 63 64 65 66 67 68 69 70 71 72 73 74 75 76 77 78 79 80 81 82 83 84 85 86 87 88 89 90 91 92 93 94 95 96 97 98 99 100 101 102 103 104 105 106 107 108 109 110 111 112 113 114 115 116 117 118 119 120 121 122 123 124 125 126 127 128 129 130 131 132 133 134 135 136 137 138 139 140 141 142 143 144 145 146 147 148 149 150 
c 2 1 105 0 1 2 3 4 6 7 8 13 14 19 20 25 26 30 31 32 33 34 36 37 38 42 43 44 48 49 50 54 55 56 60 61 62 63 64 65 66 67 68 69 70 71 72 73 74 75 76 77 78 79 80 81 82 83 84 85 86 87 88 89 90 91 92 93 94 95 96 97 98 99 100 101 102 103 104 105 106 107 108 109 110 111 112 113 114 115 116 117 118 119 120 121 122 123 124 125 126 127 128 129 130 131 132 133 134 135 136 137 138 139 140 141 142 143 144 145 146 147 148 149 150 
c 2 1 106 0 1 2 3 4 6 7 8 13 14 19 20 25 26 30 31 32 33 34 36 37 38 42 43 44 48 49 50 54 55 56 60 61 62 63 64 65 66 67 68 69 70 71 72 73 74 75 76 77 78 79 80 81 82 83 84 85 86 87 88 89 90 91 92 93 94 95 96 97 98 99 100 101 102 103 104 105 106 107 108 109 110 111 112 113 114 115 116 117 118 119 120 121 122 123 124 125 126 127 128 129 130 131 132 133 134 135 136 137 138 139 140 141 142 143 144 145 146 147 148 149 150 
c 2 1 107 0 1 2 3 4 6 7 8 13 14 19 20 25 26 30 31 32 33 34 36 37 38 42 43 44 48 49 50 54 55 56 60 61 62 63 64 65 66 67 68 69 70 71 72 73 74 75 76 77 78 79 80 81 82 83 84 85 86 87 88 89 90 91 92 93 94 95 96 97 98 99 100 101 102 103 104 105 106 107 108 109 110 111 112 113 114 115 116 117 118 119 120 121 122 123 124 125 126 127 128 129 130 131 132 133 134 135 136 137 138 139 140 141 142 143 144 145 146 147 148 149 150 
c 2 1 108 0 1 2 3 4 5 6 7 8 9 10 11 13 14 15 20 21 26 27 30 31 32 33 34 35 36 37 38 39 40 41 42 43 44 45 46 48 49 50 51 52 54 55 56 57 58 60 61 62 63 64 65 66 67 68 69 70 71 72 73 74 75 76 77 78 79 80 81 82 83 84 85 86 87 88 89 90 91 92 93 94 95 96 97 98 99 100 101 102 103 104 105 106 107 108 109 110 111 112 113 114 115 116 117 118 119 120 121 122 123 124 125 126 127 128 129 130 131 132 133 134 135 136 137 138 139 140 141 142 143 144 145 146 147 148 149 150 
c 2 1 109 0 1 2 3 4 5 6 7 8 9 10 13 14 15 20 26 30 31 32 33 34 35 36 37 38 39 40 42 43 44 45 48 49 50 51 54 55 56 57 60 61 62 63 64 65 66 67 68 69 70 71 72 73 74 75 76 77 78 79 80 81 82 83 84 85 86 87 88 89 90 91 92 93 94 95 96 97 98 99 100 101 102 103 104 105 106 107 108 109 110 111 112 113 114 115 116 117 118 119 120 121 122 123 124 125 126 127 128 129 130 131 132 133 134 135 136 137 138 139 140 141 142 143 144 145 146 147 148 149 150 
c 2 1 110 0 1 2 3 4 5 6 7 8 9 13 14 20 26 30 31 32 33 34 35 36 37 38 39 42 43 44 45 48 49 50 51 54 55 56 57 60 61 62 63 64 65 66 67 68 69 70 71 72 73 74 75 76 77 78 79 80 81 82 83 84 85 86 87 88 89 90 91 92 93 94 95 96 97 98 99 100 101 102 103 104 105 106 107 108 109 110 111 112 113 114 115 116 117 118 119 120 121 122 123 124 125 126 127 128 129 130 131 132 133 134 135 136 137 138 139 140 141 142 143 144 145 146 147 148 149 150 
c 2 1 111 0 1 2 3 4 6 7 8 13 14 19 20 25 26 30 31 32 33 34 36 37 38 42 43 44 48 49 50 54 55 56 60 61 62 63 64 65 66 67 68 69 70 71 72 73 74 75 76 77 78 79 80 81 82 83 84 85 86 87 88 89 90 91 92 93 94 95 96 97 98 99 100 101 102 103 104 105 106 107 108 109 110 111 112 113 114 115 116 117 118 119 120 121 122 123 124 125 126 127 128 129 130 131 132 133 134 135 136 137 138 139 140 141 142 143 144 145 146 147 148 149 150 
c 2 1 112 0 1 2 3 4 6 7 8 13 14 19 20 25 26 30 31 32 33 34 36 37 38 42 43 44 48 49 50 54 55 56 60 61 62 63 64 65 66 67 68 69 70 71 72 73 74 75 76 77 78 79 80 81 82 83 84 85 86 87 88 89 90 91 92 93 94 95 96 97 98 99 100 101 102 103 104 105 106 107 108 109 110 111 112 113 114 115 116 117 118 119 120 121 122 123 124 125 126 127 128 129 130 131 132 133 134 135 136 137 138 139 140 141 142 143 144 145 146 147 148 149 150 
c 2 1 113 0 1 2 3 4 6 7 8 13 14 19 20 25 26 30 31 32 33 34 36 37 38 42 43 44 48 49 50 54 55 56 60 61 62 63 64 65 66 67 68 69 70 71 72 73 74 75 76 77 78 79 80 81 82 83 84 85 86 87 88 89 90 91 92 93 94 95 96 97 98 99 100 101 102 103 104 105 106 107 108 109 110 111 112 113 114 115 116 117 118 119 120 121 122 123 124 125 126 127 128 129 130 131 132 133 134 135 136 137 138 139 140 141 142 143 144 145 146 147 148 149 150 
c 2 1 114 0 1 2 3 4 5 6 7 8 9 10 11 13 14 15 20 21 26 27 30 31 32 33 34 35 36 37 38 39 40 41 42 43 44 45 46 48 49 50 51 52 54 55 56 57 58 60 61 62 63 64 65 66 67 68 69 70 71 72 73 74 75 76 77 78 79 80 81 82 83 84 85 86 87 88 89 90 91 92 93 94 95 96 97 98 99 100 101 102 103 104 105 106 107 108 109 110 111 112 113 114 115 116 117 118 119 120 121 122 123 124 125 126 127 128 129 130 131 132 133 134 135 136 137 138 139 140 141 142 143 144 145 146 147 148 149 150 
c 2 1 115 0 1 2 3 4 5 6 7 8 9 10 13 14 15 20 26 30 31 32 33 34 35 36 37 38 39 40 42 43 44 45 48 49 50 51 54 55 56 57 60 61 62 63 64 65 66 67 68 69 70 71 72 73 74 75 76 77 78 79 80 81 82 83 84 85 86 87 88 89 90 91 92 93 94 95 96 97 98 99 100 101 102 103 104 105 106 107 108 109 110 111 112 113 114 115 116 117 118 119 120 121 122 123 124 125 126 127 128 129 130 131 132 133 134 135 136 137 138 139 140 141 142 143 144 145 146 147 148 149 150 
c 2 1 116 0 1 2 3 4 5 6 7 8 9 13 14 20 26 30 31 32 33 34 35 36 37 38 39 42 43 44 45 48 49 50 51 54 55 56 57 60 61 62 63 64 65 66 67 68 69 70 71 72 73 74 75 76 77 78 79 80 81 82 83 84 85 86 87 88 89 90 91 92 93 94 95 96 97 98 99 100 101 102 103 104 105 106 107 108 109 110 111 112 113 114 115 116 117 118 119 120 121 122 123 124 125 126 127 128 129 130 131 132 133 134 135 136 137 138 139 140 141 142 143 144 145 146 147 148 149 150 
c 2 1 117 0 1 2 3 4 6 7 8 13 14 19 20 25 26 30 31 32 33 34 36 37 38 42 43 44 48 49 50 54 55 56 60 61 62 63 64 65 66 67 68 69 70 71 72 73 74 75 76 77 78 79 80 81 82 83 84 85 86 87 88 89 90 91 92 93 94 95 96 97 98 99 100 101 102 103 104 105 106 107 108 109 110 111 112 113 114 115 116 117 118 119 120 121 122 123 124 125 126 127 128 129 130 131 132 133 134 135 136 137 138 139 140 141 142 143 144 145 146 147 148 149 150 
c 2 1 118 0 1 2 3 4 6 7 8 13 14 19 20 25 26 30 31 32 33 34 36 37 38 42 43 44 48 49 50 54 55 56 60 61 62 63 64 65 66 67 68 69 70 71 72 73 74 75 76 77 78 79 80 81 82 83 84 85 86 87 88 89 90 91 92 93 94 95 96 97 98 99 100 101 102 103 104 105 106 107 108 109 110 111 112 113 114 115 116 117 118 119 120 121 122 123 124 125 126 127 128 129 130 131 132 133 134 135 136 137 138 139 140 141 142 143 144 145 146 147 148 149 150 
c 2 1 119 0 1 2 3 4 6 7 8 13 14 19 20 25 26 30 31 32 33 34 36 37 38 42 43 44 48 49 50 54 55 56 60 61 62 63 64 65 66 67 68 69 70 71 72 73 74 75 76 77 78 79 80 81 82 83 84 85 86 87 88 89 90 91 92 93 94 95 96 97 98 99 100 101 102 103 104 105 106 107 108 109 110 111 112 113 114 115 116 117 118 119 120 121 122 123 124 125 126 127 128 129 130 131 132 133 134 135 136 137 138 139 140 141 142 143 144 145 146 147 148 149 150 
c 2 1 120 0 1 2 3 4 6 7 8 13 14 20 26 30 31 32 33 34 36 37 38 42 43 44 48 49 50 54 55 56 60 61 62 63 64 65 66 67 68 69 70 71 72 73 74 75 76 77 78 79 80 81 82 83 84 85 86 87 88 89 90 91 92 93 94 95 96 97 98 99 100 101 102 103 104 105 106 107 108 109 110 111 112 113 114 115 116 117 118 119 120 121 122 123 124 125 126 127 128 129 130 131 132 133 134 135 136 137 138 139 140 141 142 143 144 145 146 147 148 149 150 
c 2 1 121 0 1 2 3 4 6 7 8 13 14 20 26 30 31 32 33 34 36 37 38 42 43 44 48 49 50 54 55 56 60 61 62 63 64 65 66 67 68 69 70 71 72 73 74 75 76 77 78 79 80 81 82 83 84 85 86 87 88 89 90 91 92 93 94 95 96 97 98 99 100 101 102 103 104 105 106 107 108 109 110 111 112 113 114 115 116 117 118 119 120 121 122 123 124 125 126 127 128 129 130 131 132 133 134 135 136 137 138 139 140 141 142 143 144 145 146 147 148 149 150 
c 2 1 122 0 1 2 3 4 6 7 8 13 14 20 26 30 31 32 33 34 36 37 38 42 43 44 48 49 50 54 55 56 60 61 62 63 64 65 66 67 68 69 70 71 72 73 74 75 76 77 78 79 80 81 82 83 84 85 86 87 88 89 90 91 92 93 94 95 96 97 98 99 100 101 102 103 104 105 106 107 108 109 110 111 112 113 114 115 116 117 118 119 120 121 122 123 124 125 126 127 128 129 130 131 132 133 134 135 136 137 138 139 140 141 142 143 144 145 146 147 148 149 150 
c 2 1 123 0 1 2 3 4 6 7 8 13 14 20 26 30 31 32 33 34 36 37 38 42 43 44 48 49 50 54 55 56 60 61 62 63 64 65 66 67 68 69 70 71 72 73 74 75 76 77 78 79 80 81 82 83 84 85 86 87 88 89 90 91 92 93 94 95 96 97 98 99 100 101 102 103 104 105 106 107 108 109 110 111 112 113 114 115 116 117 118 119 120 121 122 123 124 125 126 127 128 129 130 131 132 133 134 135 136 137 138 139 140 141 142 143 144 145 146 147 148 149 150 
c 2 1 124 0 1 2 3 4 6 7 8 13 14 20 26 30 31 32 33 34 36 37 38 42 43 44 48 49 50 54 55 56 60 61 62 63 64 65 66 67 68 69 70 71 72 73 74 75 76 77 78 79 80 81 82 83 84 85 86 87 88 89 90 91 92 93 94 95 96 97 98 99 100 101 102 103 104 105 106 107 108 109 110 111 112 113 114 115 116 117 118 119 120 121 122 123 124 125 126 127 128 129 130 131 132 133 134 135 136 137 138 139 140 141 142 143 144 145 146 147 148 149 150 
c 2 1 125 0 1 2 3 4 6 7 8 13 14 20 26 30 31 32 33 34 36 37 38 42 43 44 48 49 50 54 55 56 60 61 62 63 64 65 66 67 68 69 70 71 72 73 74 75 76 77 78 79 80 81 82 83 84 85 86 87 88 89 90 91 92 93 94 95 96 97 98 99 100 101 102 103 104 105 106 107 108 109 110 111 112 113 114 115 116 117 118 119 120 121 122 123 124 125 126 127 128 129 130 131 132 133 134 135 136 137 138 139 140 141 142 143 144 145 146 147 148 149 150 
c 2 1 126 0 1 2 3 4 6 7 8 13 14 20 26 30 31 32 33 34 36 37 38 42 43 44 48 49 50 54 55 56 60 61 62 63 64 65 66 67 68 69 70 71 72 73 74 75 76 77 78 79 80 81 82 83 84 85 86 87 88 89 90 91 92 93 94 95 96 97 98 99 100 101 102 103 104 105 106 107 108 109 110 111 112 113 114 115 116 117 118 119 120 121 122 123 124 125 126 127 128 129 130 131 132 133 134 135 136 137 138 139 140 141 142 143 144 145 146 147 148 149 150 
c 2 1 127 0 1 2 3 4 6 7 8 13 14 20 26 30 31 32 33 34 36 37 38 42 43 44 48 49 50 54 55 56 60 61 62 63 64 65 66 67 68 69 70 71 72 73 74 75 76 77 78 79 80 81 82 83 84 85 86 87 88 89 90 91 92 93 94 95 96 97 98 99 100 101 102 103 104 105 106 107 108 109 110 111 112 113 114 115 116 117 118 119 120 121 122 123 124 125 126 127 128 129 130 131 132 133 134 135 136 137 138 139 140 141 142 143 144 145 146 147 148 149 150 
c 2 1 128 0 1 2 3 4 6 7 8 13 14 20 26 30 31 32 33 34 36 37 38 42 43 44 48 49 50 54 55 56 60 61 62 63 64 65 66 67 68 69 70 71 72 73 74 75 76 77 78 79 80 81 82 83 84 85 86 87 88 89 90 91 92 93 94 95 96 97 98 99 100 101 102 103 104 105 106 107 108 109 110 111 112 113 114 115 116 117 118 119 120 121 122 123 124 125 126 127 128 129 130 131 132 133 134 135 136 137 138 139 140 141 142 143 144 145 146 147 148 149 150 
c 2 1 129 0 1 2 3 4 6 7 8 13 14 20 26 30 31 32 33 34 36 37 38 42 43 44 48 49 50 54 55 56 60 61 62 63 64 65 66 67 68 69 70 71 72 73 74 75 76 77 78 79 80 81 82 83 84 85 86 87 88 89 90 91 92 93 94 95 96 97 98 99 100 101 102 103 104 105 106 107 108 109 110 111 112 113 114 115 116 117 118 119 120 121 122 123 124 125 126 127 128 129 130 131 132 133 134 135 136 137 138 139 140 141 142 143 144 145 146 147 148 149 150 
c 2 1 130 0 1 2 3 4 6 7 8 13 14 20 26 30 31 32 33 34 36 37 38 42 43 44 48 49 50 54 55 56 60 61 62 63 64 65 66 67 68 69 70 71 72 73 74 75 76 77 78 79 80 81 82 83 84 85 86 87 88 89 90 91 92 93 94 95 96 97 98 99 100 101 102 103 104 105 106 107 108 109 110 111 112 113 114 115 116 117 118 119 120 121 122 123 124 125 126 127 128 129 130 131 132 133 134 135 136 137 138 139 140 141 142 143 144 145 146 147 148 149 150 
c 2 1 131 0 1 2 3 4 6 7 8 13 14 20 26 30 31 32 33 34 36 37 38 42 43 44 48 49 50 54 55 56 60 61 62 63 64 65 66 67 68 69 70 71 72 73 74 75 76 77 78 79 80 81 82 83 84 85 86 87 88 89 90 91 92 93 94 95 96 97 98 99 100 101 102 103 104 105 106 107 108 109 110 111 112 113 114 115 116 117 118 119 120 121 122 123 124 125 126 127 128 129 130 131 132 133 134 135 136 137 138 139 140 141 142 143 144 145 146 147 148 149 150 
c 2 1 132 0 1 2 3 4 6 7 8 13 14 20 26 30 31 32 33 34 36 37 38 42 43 44 48 49 50 54 55 56 60 61 62 63 64 65 66 67 68 69 70 71 72 73 74 75 76 77 78 79 80 81 82 83 84 85 86 87 88 89 90 91 92 93 94 95 96 97 98 99 100 101 102 103 104 105 106 107 108 109 110 111 112 113 114 115 116 117 118 119 120 121 122 123 124 125 126 127 128 129 130 131 132 133 134 135 136 137 138 139 140 141 142 143 144 145 146 147 148 149 150 
c 2 1 133 0 1 2 3 4 6 7 8 13 14 20 26 30 31 32 33 34 36 37 38 42 43 44 48 49 50 54 55 56 60 61 62 63 64 65 66 67 68 69 70 71 72 73 74 75 76 77 78 79 80 81 82 83 84 85 86 87 88 89 90 91 92 93 94 95 96 97 98 99 100 101 102 103 104 105 106 107 108 109 110 111 112 113 114 115 116 117 118 119 120 121 122 123 124 125 126 127 128 129 130 131 132 133 134 135 136 137 138 139 140 141 142 143 144 145 146 147 148 149 150 
c 2 1 134 0 1 2 3 4 6 7 8 13 14 20 26 30 31 32 33 34 36 37 38 42 43 44 48 49 50 54 55 56 60 61 62 63 64 65 66 67 68 69 70 71 72 73 74 75 76 77 78 79 80 81 82 83 84 85 86 87 88 89 90 91 92 93 94 95 96 97 98 99 100 101 102 103 104 105 106 107 108 109 110 111 112 113 114 115 116 117 118 119 120 121 122 123 124 125 126 127 128 129 130 131 132 133 134 135 136 137 138 139 140 141 142 143 144 145 146 147 148 149 150 
c 2 1 135 0 1 2 3 4 6 7 8 13 14 20 26 30 31 32 33 34 36 37 38 42 43 44 48 49 50 54 55 56 60 61 62 63 64 65 66 67 68 69 70 71 72 73 74 75 76 77 78 79 80 81 82 83 84 85 86 87 88 89 90 91 92 93 94 95 96 97 98 99 100 101 102 103 104 105 106 107 108 109 110 111 112 113 114 115 116 117 118 119 120 121 122 123 124 125 126 127 128 129 130 131 132 133 134 135 136 137 138 139 140 141 142 143 144 145 146 147 148 149 150 
c 2 1 136 0 1 2 3 4 6 7 8 13 14 20 26 30 31 32 33 34 36 37 38 42 43 44 48 49 50 54 55 56 60 61 62 63 64 65 66 67 68 69 70 71 72 73 74 75 76 77 78 79 80 81 82 83 84 85 86 87 88 89 90 91 92 93 94 95 96 97 98 99 100 101 102 103 104 105 106 107 108 109 110 111 112 113 114 115 116 117 118 119 120 121 122 123 124 125 126 127 128 129 130 131 132 133 134 135 136 137 138 139 140 141 142 143 144 145 146 147 148 149 150 
c 2 1 137 0 1 2 3 4 6 7 8 13 14 20 26 30 31 32 33 34 36 37 38 42 43 44 48 49 50 54 55 56 60 61 62 63 64 65 66 67 68 69 70 71 72 73 74 75 76 77 78 79 80 81 82 83 84 85 86 87 88 89 90 91 92 93 94 95 96 97 98 99 100 101 102 103 104 105 106 107 108 109 110 111 112 113 114 115 116 117 118 119 120 121 122 123 124 125 126 127 128 129 130 131 132 133 134 135 136 137 138 139 140 141 142 143 144 145 146 147 148 149 150 
c 2 1 138 0 1 2 3 4 6 7 8 13 14 20 26 30 31 32 33 34 36 37 38 42 43 44 48 49 50 54 55 56 60 61 62 63 64 65 66 67 68 69 70 71 72 73 74 75 76 77 78 79 80 81 82 83 84 85 86 87 88 89 90 91 92 93 94 95 96 97 98 99 100 101 102 103 104 105 106 107 108 109 110 111 112 113 114 115 116 117 118 119 120 121 122 123 124 125 126 127 128 129 130 131 132 133 134 135 136 137 138 139 140 141 142 143 144 145 146 147 148 149 150 
c 2 1 139 0 1 2 3 4 6 7 8 13 14 20 26 30 31 32 33 34 36 37 38 42 43 44 48 49 50 54 55 56 60 61 62 63 64 65 66 67 68 69 70 71 72 73 74 75 76 77 78 79 80 81 82 83 84 85 86 87 88 89 90 91 92 93 94 95 96 97 98 99 100 101 102 103 104 105 106 107 108 109 110 111 112 113 114 115 116 117 118 119 120 121 122 123 124 125 126 127 128 129 130 131 132 133 134 135 136 137 138 139 140 141 142 143 144 145 146 147 148 149 150 
c 2 1 140 0 1 2 3 4 6 7 8 13 14 20 26 30 31 32 33 34 36 37 38 42 43 44 48 49 50 54 55 56 60 61 62 63 64 65 66 67 68 69 70 71 72 73 74 75 76 77 78 79 80 81 82 83 84 85 86 87 88 89 90 91 92 93 94 95 96 97 98 99 100 101 102 103 104 105 106 107 108 109 110 111 112 113 114 115 116 117 118 119 120 121 122 123 124 125 126 127 128 129 130 131 132 133 134 135 136 137 138 139 140 141 142 143 144 145 146 147 148 149 150 
c 2 1 141 0 1 2 3 4 6 7 8 13 14 20 26 30 31 32 33 34 36 37 38 42 43 44 48 49 50 54 55 56 60 61 62 63 64 65 66 67 68 69 70 71 72 73 74 75 76 77 78 79 80 81 82 83 84 85 86 87 88 89 90 91 92 93 94 95 96 97 98 99 100 101 102 103 104 105 106 107 108 109 110 111 112 113 114 115 116 117 118 119 120 121 122 123 124 125 126 127 128 129 130 131 132 133 134 135 136 137 138 139 140 141 142 143 144 145 146 147 148 149 150 
c 2 1 142 0 1 2 3 4 6 7 8 13 14 20 26 30 31 32 33 34 36 37 38 42 43 44 48 49 50 54 55 56 60 61 62 63 64 65 66 67 68 69 70 71 72 73 74 75 76 77 78 79 80 81 82 83 84 85 86 87 88 89 90 91 92 93 94 95 96 97 98 99 100 101 102 103 104 105 106 107 108 109 110 111 112 113 114 115 116 117 118 119 120 121 122 123 124 125 126 127 128 129 130 131 132 133 134 135 136 137 138 139 140 141 142 143 144 145 146 147 148 149 150 
c 2 1 143 0 1 2 3 4 6 7 8 13 14 20 26 30 31 32 33 34 36 37 38 42 43 44 48 49 50 54 55 56 60 61 62 63 64 65 66 67 68 69 70 71 72 73 74 75 76 77 78 79 80 81 82 83 84 85 86 87 88 89 90 91 92 93 94 95 96 97 98 99 100 101 102 103 104 105 106 107 108 109 110 111 112 113 114 115 116 117 118 119 120 121 122 123 124 125 126 127 128 129 130 131 132 133 134 135 136 137 138 139 140 141 142 143 144 145 146 147 148 149 150 
c 2 1 144 0 1 2 3 4 6 7 8 13 14 20 26 30 31 32 33 34 36 37 38 42 43 44 48 49 50 54 55 56 60 61 62 63 64 65 66 67 68 69 70 71 72 73 74 75 76 77 78 79 80 81 82 83 84 85 86 87 88 89 90 91 92 93 94 95 96 97 98 99 100 101 102 103 104 105 106 107 108 109 110 111 112 113 114 115 116 117 118 119 120 121 122 123 124 125 126 127 128 129 130 131 132 133 134 135 136 137 138 139 140 141 142 143 144 145 146 147 148 149 150 
c 2 1 145 0 1 2 3 4 6 7 8 13 14 20 26 30 31 32 33 34 36 37 38 42 43 44 48 49 50 54 55 56 60 61 62 63 64 65 66 67 68 69 70 71 72 73 74 75 76 77 78 79 80 81 82 83 84 85 86 87 88 89 90 91 92 93 94 95 96 97 98 99 100 101 102 103 104 105 106 107 108 109 110 111 112 113 114 115 116 117 118 119 120 121 122 123 124 125 126 127 128 129 130 131 132 133 134 135 136 137 138 139 140 141 142 143 144 145 146 147 148 149 150 
c 2 1 146 0 1 2 3 4 6 7 8 13 14 20 26 30 31 32 33 34 36 37 38 42 43 44 48 49 50 54 55 56 60 61 62 63 64 65 66 67 68 69 70 71 72 73 74 75 76 77 78 79 80 81 82 83 84 85 86 87 88 89 90 91 92 93 94 95 96 97 98 99 100 101 102 103 104 105 106 107 108 109 110 111 112 113 114 115 116 117 118 119 120 121 122 123 124 125 126 127 128 129 130 131 132 133 134 135 136 137 138 139 140 141 142 143 144 145 146 147 148 149 150 
c 2 1 147 0 1 2 3 4 6 7 8 13 14 20 26 30 31 32 33 34 36 37 38 42 43 44 48 49 50 54 55 56 60 61 62 63 64 65 66 67 68 69 70 71 72 73 74 75 76 77 78 79 80 81 82 83 84 85 86 87 88 89 90 91 92 93 94 95 96 97 98 99 100 101 102 103 104 105 106 107 108 109 110 111 112 113 114 115 116 117 118 119 120 121 122 123 124 125 126 127 128 129 130 131 132 133 134 135 136 137 138 139 140 141 142 143 144 145 146 147 148 149 150 
c 2 1 148 0 1 2 3 4 6 7 8 13 14 20 26 30 31 32 33 34 36 37 38 42 43 44 48 49 50 54 55 56 60 61 62 63 64 65 66 67 68 69 70 71 72 73 74 75 76 77 78 79 80 81 82 83 84 85 86 87 88 89 90 91 92 93 94 95 96 97 98 99 100 101 102 103 104 105 106 107 108 109 110 111 112 113 114 115 116 117 118 119 120 121 122 123 124 125 126 127 128 129 130 131 132 133 134 135 136 137 138 139 140 141 142 143 144 145 146 147 148 149 150 
c 2 1 149 0 1 2 3 4 6 7 8 13 14 20 26 30 31 32 33 34 36 37 38 42 43 44 48 49 50 54 55 56 60 61 62 63 64 65 66 67 68 69 70 71 72 73 74 75 76 77 78 79 80 81 82 83 84 85 86 87 88 89 90 91 92 93 94 95 96 97 98 99 100 101 102 103 104 105 106 107 108 109 110 111 112 113 114 115 116 117 118 119 120 121 122 123 124 125 126 127 128 129 130 131 132 133 134 135 136 137 138 139 140 141 142 143 144 145 146 147 148 149 150 
c 2 1 150 0 1 2 3 4 6 7 8 13 14 20 26 30 31 32 33 34 36 37 38 42 43 44 48 49 50 54 55 56 60 61 62 63 64 65 66 67 68 69 70 71 72 73 74 75 76 77 78 79 80 81 82 83 84 85 86 87 88 89 90 91 92 93 94 95 96 97 98 99 100 101 102 103 104 105 106 107 108 109 110 111 112 113 114 115 116 117 118 119 120 121 122 123 124 125 126 127 128 129 130 131 132 133 134 135 136 137 138 139 140 141 142 143 144 145 146 147 148 149 150 
c 2 0 0 0 1 2 3 4 5 6 7 8 9 10 11 12 13 14 15 16 18 19 20 21 25 26 27 30 31 32 33 34 35 36 37 38 39 40 41 42 43 44 45 46 48 49 50 51 55 56 57 60 61 62 63 64 65 66 67 68 69 70 71 72 73 74 75 79 80 81 85 86 87 90 91 92 93 94 95 96 97 98 99 100 101 102 103 104 105 108 109 110 111 114 115 116 117 120 121 122 123 124 125 126 127 128 129 130 131 132 133 134 135 136 137 138 139 140 141 142 143 144 145 146 147 148 149 150 
c 2 0 1 0 1 2 3 4 5 6 7 8 9 10 12 13 14 15 18 19 20 21 25 26 30 31 32 33 34 35 36 37 38 39 40 42 43 44 45 48 49 50 51 55 56 60 61 62 63 64 65 66 67 68 69 70 72 73 74 75 79 80 85 86 90 91 92 93 94 95 96 97 98 99 100 102 103 104 105 108 109 110 111 114 115 116 117 120 121 122 123 124 125 126 127 128 129 130 132 133 134 135 136 138 139 140 141 142 144 145 146 147 148 150 
c 2 0 2 0 1 2 3 4 5 6 7 8 9 12 13 14 15 18 19 20 25 26 30 31 32 33 34 35 36 37 38 39 42 43 44 45 48 49 50 55 56 60 61 62 63 64 65 66 67 68 69 72 73 74 79 80 85 86 90 91 92 93 94 95 96 97 98 99 102 103 104 108 109 110 114 115 116 120 121 122 123 124 125 126 127 128 129 132 133 134 135 138 139 140 141 144 145 146 147 150 
c 2 0 3 0 1 2 3 6 7 8 12 13 14 18 19 20 25 26 30 31 32 33 34 35 36 37 38 42 43 44 48 49 50 55 56 60 61 62 63 64 65 66 67 68 72 73 74 78 79 80 85 86 90 91 92 93 94 95 96 97 98 102 103 104 108 109 110 114 115 116 120 121 122 123 124 125 126 127 128 132 133 134 138 139 140 144 145 146 150 
c 2 0 4 0 1 2 3 6 7 8 12 13 14 18 19 20 24 25 26 30 31 32 33 34 35 36 37 38 42 43 44 48 49 50 55 56 60 61 62 63 64 65 66 67 68 72 73 74 78 79 80 85 86 90 91 92 93 94 95 96 97 98 102 103 104 108 109 110 114 115 116 120 121 122 123 124 125 126 127 128 132 133 134 138 139 140 144 145 146 150 
c 2 0 5 0 1 2 3 6 7 8 12 13 14 18 19 20 24 25 26 30 31 32 33 34 35 36 37 38 42 43 44 48 49 50 54 55 56 60 61 62 63 64 65 66 67 68 72 73 74 78 79 80 85 86 90 91 92 93 94 95 96 97 98 102 103 104 108 109 110 114 115 116 120 121 122 123 124 125 126 127 128 132 133 134 138 139 140 144 145 146 150 
c 2 0 6 0 1 2 3 4 5 6 7 8 9 10 11 12 13 14 15 16 17 19 20 21 22 26 27 30 31 32 33 34 35 36 37 38 39 40 41 42 43 44 45 46 47 49 50 51 52 56 57 60 61 62 63 64 65 66 67 68 69 70 71 73 74 75 76 77 80 81 86 87 90 91 92 93 94 95 96 97 98 99 100 101 103 104 105 106 109 110 111 112 115 116 117 118 120 121 122 123 124 125 126 127 128 129 130 131 132 133 134 135 136 137 138 139 140 141 142 143 144 145 146 147 148 149 150 
c 2 0 7 0 1 2 3 4 5 6 7 8 9 10 11 12 13 14 15 16 18 19 20 21 26 27 30 31 32 33 34 35 36 37 38 39 40 41 42 43 44 45 46 49 50 51 56 57 60 61 62 63 64 65 66 67 68 69 70 71 72 73 74 75 76 79 80 81 86 87 90 91 92 93 94 95 96 97 98 99 100 101 102 103 104 105 109 110 111 115 116 117 120 121 122 123 124 125 126 127 128 129 130 131 132 133 134 135 136 137 138 139 140 141 142 143 144 145 146 147 148 149 150 
c 2 0 8 0 1 2 3 4 5 6 7 8 9 10 12 13 14 15 18 19 20 21 25 26 30 31 32 33 34 35 36 37 38 39 40 42 43 44 45 49 50 51 56 60 61 62 63 64 65 66 67 68 69 70 72 73 74 75 79 80 86 90 91 92 93 94 95 96 97 98 99 100 102 103 104 105 109 110 111 115 116 117 120 121 122 123 124 125 126 127 128 129 130 132 133 134 135 136 138 139 140 141 142 144 145 146 147 148 150 
c 2 0 9 0 1 2 6 7 8 12 13 14 18 19 20 24 25 26 30 31 32 36 37 38 42 43 44 48 49 50 55 56 60 61 62 66 67 68 72 73 74 78 79 80 85 86 90 91 92 96 97 98 102 103 104 108 109 110 114 115 116 120 121 122 126 127 128 132 133 134 138 139 140 144 145 146 
c 2 0 10 0 1 2 6 7 8 12 13 14 18 19 20 24 25 26 30 31 32 36 37 38 42 43 44 48 49 50 54 55 56 60 61 62 66 67 68 72 73 74 78 79 80 85 86 90 91 92 96 97 98 102 103 104 108 109 110 114 115 116 120 121 122 126 127 128 132 133 134 138 139 140 144 145 146 
c 2 0 11 0 1 2 6 7 8 12 13 14 18 19 20 24 25 26 30 31 32 36 37 38 42 43 44 48 49 50 54 55 56 60 61 62 66 67 68 72 73 74 78 79 80 85 86 90 91 92 96 97 98 102 103 104 108 109 110 114 115 116 120 121 122 126 127 128 132 133 134 138 139 140 144 145 146 
c 2 0 12 0 1 2 3 4 5 6 7 8 9 10 11 14 15 16 17 20 21 22 23 27 28 30 31 32 33 34 35 36 37 38 39 40 41 44 45 46 47 50 51 52 53 57 58 60 61 62 63 64 65 66 67 68 69 70 71 74 75 76 77 81 82 87 88 90 91 92 93 94 95 97 98 99 100 101 104 105 106 107 110 111 112 113 116 117 118 119 120 121 122 123 124 125 127 128 129 130 131 133 134 135 136 137 139 140 141 142 143 145 146 147 148 149 150 
c 2 0 13 0 1 2 3 4 5 6 7 8 9 10 11 12 13 14 15 16 17 19 20 21 22 26 27 30 31 32 33 34 35 36 37 38 39 40 41 42 43 44 45 46 47 50 51 52 56 57 60 61 62 63 64 65 66 67 68 69 70 71 73 74 75 76 77 80 81 86 87 90 91 92 93 94 95 96 97 98 99 100 101 103 104 105 106 110 111 112 116 117 118 120 121 122 123 124 125 126 127 128 129 130 131 132 133 134 135 136 137 138 139 140 141 142 143 144 145 146 147 148 149 150 
c 2 0 14 0 1 2 3 4 5 6 7 8 9 10 11 12 13 14 15 18 19 20 21 26 27 30 31 32 33 34 35 36 37 38 39 40 41 42 43 44 45 49 50 51 56 60 61 62 63 64 65 66 67 68 69 70 72 73 74 75 79 80 81 86 90 91 92 93 94 95 96 97 98 99 100 101 102 103 104 105 109 110 111 115 116 117 120 121 122 123 124 125 126 127 128 129 130 132 133 134 135 136 138 139 140 141 142 144 145 146 147 148 150 
c 2 0 15 0 1 2 6 7 8 12 13 14 18 19 20 24 25 26 30 31 32 36 37 38 42 43 44 48 49 50 54 55 56 60 61 62 66 67 68 72 73 74 78 79 80 85 86 90 91 92 96 97 98 102 103 104 108 109 110 114 115 116 120 121 122 126 127 128 132 133 134 138 139 140 144 145 146 
c 2 0 16 0 1 6 7 8 12 13 14 18 19 20 24 25 26 30 31 36 37 38 42 43 44 48 49 50 54 55 56 60 61 66 67 68 72 73 74 78 79 80 85 86 90 91 96 97 98 102 103 104 108 109 110 114 115 116 120 121 122 126 127 128 132 133 134 138 139 140 144 145 146 
c 2 0 17 6 7 12 13 18 19 20 24 25 26 30 36 37 42 43 44 48 49 50 54 55 56 60 61 66 67 72 73 74 78 79 80 84 85 86 90 91 96 97 98 102 103 104 108 109 110 114 115 116 120 121 126 127 132 133 138 139 144 145 
c 2 0 18 3 4 5 9 10 11 15 16 17 21 22 23 27 28 29 33 34 35 39 40 41 45 46 47 51 52 53 57 58 59 63 64 65 69 70 71 75 76 77 81 82 83 87 88 89 93 94 95 99 100 101 105 106 107 111 112 113 117 118 119 123 124 125 129 130 131 135 136 137 141 142 143 147 148 149 
c 2 0 19 0 1 2 3 4 5 6 7 8 9 10 11 14 15 16 17 20 21 22 23 27 28 30 31 32 33 34 35 36 37 38 39 40 41 44 45 46 47 51 52 53 57 58 60 61 62 63 64 65 66 67 68 69 70 71 74 75 76 77 81 82 87 88 90 91 92 93 94 95 97 98 99 100 101 104 105 106 107 110 111 112 113 116 117 118 119 120 121 122 123 124 125 127 128 129 130 131 133 134 135 136 137 139 140 141 142 143 145 146 147 148 149 150 
c 2 0 20 0 1 2 3 4 5 6 7 8 9 10 11 12 13 14 15 16 19 20 21 26 27 30 31 32 33 34 35 36 37 38 39 40 41 42 43 44 45 46 49 50 51 56 57 60 61 62 63 64 65 66 67 68 69 70 71 72 73 74 75 76 80 81 86 87 90 91 92 93 94 95 96 97 98 99 100 101 103 104 105 109 110 111 115 116 117 120 121 122 123 124 125 126 127 128 129 130 131 132 133 134 135 136 137 138 139 140 141 142 143 144 145 146 147 148 149 150 
c 2 0 21 0 1 6 7 8 12 13 14 18 19 20 24 25 26 30 31 32 36 37 38 42 43 44 48 49 50 54 55 56 60 61 62 66 67 68 72 73 74 78 79 80 85 86 90 91 92 96 97 98 102 103 104 108 109 110 114 115 116 120 121 122 126 127 128 132 133 134 138 139 140 144 145 146 
c 2 0 22 6 12 13 18 19 20 24 25 26 30 36 37 42 43 44 48 49 50 54 55 56 60 66 67 72 73 74 78 79 80 84 85 86 90 91 96 97 102 103 104 108 109 110 114 115 116 120 121 126 127 132 133 138 139 144 145 
c 2 0 23 12 13 18 19 24 25 26 36 42 43 48 49 50 54 55 56 66 67 72 73 78 79 80 84 85 86 90 96 97 102 103 108 109 114 115 120 126 127 132 133 138 139 144 145 
c 2 0 24 5 10 11 16 17 21 22 23 27 28 29 35 40 41 45 46 47 51 52 53 57 58 59 64 65 70 71 75 76 77 81 82 83 87 88 89 94 95 100 101 106 107 112 113 118 119 124 125 130 131 136 137 142 143 148 149 
c 2 0 25 2 3 4 5 9 10 11 15 16 17 21 22 23 27 28 30 31 32 33 34 35 39 40 41 45 46 47 51 52 53 57 58 60 61 62 63 64 65 69 70 71 75 76 77 81 82 83 87 88 89 90 91 92 93 94 95 99 100 101 105 106 107 111 112 113 117 118 119 120 121 122 123 124 125 129 130 131 135 136 137 141 142 143 147 148 149 150 
c 2 0 26 0 1 2 3 4 5 6 7 8 9 10 11 12 13 14 15 16 17 19 20 21 22 26 27 30 31 32 33 34 35 36 37 38 39 40 41 42 43 44 45 46 47 50 51 52 56 57 60 61 62 63 64 65 66 67 68 69 70 71 73 74 75 76 80 81 86 87 90 91 92 93 94 95 96 97 98 99 100 101 103 104 105 106 110 111 112 116 117 118 120 121 122 123 124 125 126 127 128 129 130 131 132 133 134 135 136 137 138 139 140 141 142 143 144 145 146 147 148 149 150 
c 2 0 27 0 6 7 12 13 14 18 19 20 24 25 26 30 31 36 37 38 42 43 44 48 49 50 54 55 56 60 61 66 67 68 72 73 74 78 79 80 84 85 86 90 91 96 97 98 102 103 104 108 109 110 114 115 116 120 121 122 126 127 128 132 133 134 138 139 140 144 145 146 
c 2 0 28 12 13 18 19 24 25 26 36 42 43 48 49 50 54 55 56 66 67 72 73 78 79 80 84 85 86 96 97 102 103 108 109 114 115 120 126 127 132 133 138 139 144 145 
c 2 0 29 12 18 19 24 25 42 48 49 54 55 56 72 73 78 79 84 85 96 102 103 108 109 114 115 126 132 138 144 
c 2 0 30 0 1 2 3 4 5 6 7 8 9 10 11 12 13 14 15 16 18 19 20 21 25 26 27 30 31 32 33 34 35 36 37 38 39 40 41 42 43 44 45 46 48 49 50 51 55 56 57 60 61 62 63 64 65 66 67 68 69 70 71 72 73 74 75 76 79 80 81 85 86 87 90 91 92 93 94 95 96 97 98 99 100 101 102 103 104 105 108 109 110 111 114 115 116 117 120 121 122 123 124 125 126 127 128 129 130 131 132 133 134 135 136 137 138 139 140 141 142 143 144 145 146 147 148 149 150 
c 2 0 31 0 1 2 3 4 5 6 7 8 9 10 11 12 13 14 15 18 19 20 21 25 26 30 31 32 33 34 35 36 37 38 39 40 42 43 44 45 48 49 50 51 55 56 60 61 62 63 64 65 66 67 68 69 70 72 73 74 75 79 80 85 86 90 91 92 93 94 95 96 97 98 99 100 102 103 104 105 108 109 110 111 114 115 116 117 120 121 122 123 124 125 126 127 128 129 130 132 133 134 135 136 138 139 140 141 142 144 145 146 147 148 150 
c 2 0 32 0 1 2 3 4 5 6 7 8 9 12 13 14 15 18 19 20 25 26 30 31 32 33 34 35 36 37 38 39 42 43 44 45 48 49 50 55 56 60 61 62 63 64 65 66 67 68 69 72 73 74 79 80 85 86 90 91 92 93 94 95 96 97 98 99 102 103 104 108 109 110 114 115 116 120 121 122 123 124 125 126 127 128 129 132 133 134 135 138 139 140 141 144 145 146 147 150 
c 2 0 33 0 1 2 3 6 7 8 12 13 14 18 19 20 25 26 30 31 32 33 34 35 36 37 38 42 43 44 48 49 50 55 56 60 61 62 63 64 65 66 67 68 72 73 74 78 79 80 85 86 90 91 92 93 94 95 96 97 98 102 103 104 108 109 110 114 115 116 120 121 122 123 124 125 126 127 128 132 133 134 138 139 140 144 145 146 150 
c 2 0 34 0 1 2 3 6 7 8 12 13 14 18 19 20 24 25 26 30 31 32 33 34 35 36 37 38 42 43 44 48 49 50 55 56 60 61 62 63 64 65 66 67 68 72 73 74 78 79 80 85 86 90 91 92 93 94 95 96 97 98 102 103 104 108 109 110 114 115 116 120 121 122 123 124 125 126 127 128 132 133 134 138 139 140 144 145 146 150 
c 2 0 35 0 1 2 3 6 7 8 12 13 14 18 19 20 24 25 26 30 31 32 33 34 35 36 37 38 42 43 44 48 49 50 54 55 56 60 61 62 63 64 65 66 67 68 72 73 74 78 79 80 85 86 90 91 92 93 94 95 96 97 98 102 103 104 108 109 110 114 115 116 120 121 122 123 124 125 126 127 128 132 133 134 138 139 140 144 145 146 150 
c 2 0 36 0 1 2 3 4 5 6 7 8 9 10 11 12 13 14 15 16 17 19 20 21 22 26 27 28 30 31 32 33 34 35 36 37 38 39 40 41 42 43 44 45 46 47 50 51 52 56 57 60 61 62 63 64 65 66 67 68 69 70 71 73 74 75 76 77 80 81 82 86 87 88 90 91 92 93 94 95 96 97 98 99 100 101 103 104 105 106 107 109 110 111 112 113 115 116 117 118 119 120 121 122 123 124 125 126 127 128 129 130 131 132 133 134 135 136 137 138 139 140 141 142 143 144 145 146 147 148 149 150 
c 2 0 37 0 1 2 3 4 5 6 7 8 9 10 11 12 13 14 15 16 19 20 21 22 26 27 30 31 32 33 34 35 36 37 38 39 40 41 42 43 44 45 46 49 50 51 56 57 60 61 62 63 64 65 66 67 68 69 70 71 72 73 74 75 76 79 80 81 86 87 90 91 92 93 94 95 96 97 98 99 100 101 102 103 104 105 106 109 110 111 112 115 116 117 118 120 121 122 123 124 125 126 127 128 129 130 131 132 133 134 135 136 137 138 139 140 141 142 143 144 145 146 147 148 149 150 
c 2 0 38 0 1 2 3 4 5 6 7 8 9 10 11 12 13 14 15 18 19 20 21 25 26 30 31 32 33 34 35 36 37 38 39 40 42 43 44 45 49 50 51 56 60 61 62 63 64 65 66 67 68 69 70 72 73 74 75 79 80 86 90 91 92 93 94 95 96 97 98 99 100 102 103 104 105 109 110 111 115 116 117 120 121 122 123 124 125 126 127 128 129 130 132 133 134 135 136 138 139 140 141 142 144 145 146 147 148 150 
c 2 0 39 0 1 2 6 7 8 12 13 14 18 19 20 24 25 26 30 31 32 36 37 38 42 43 44 48 49 50 55 56 60 61 62 66 67 68 72 73 74 78 79 80 85 86 90 91 92 96 97 98 102 103 104 108 109 110 114 115 116 120 121 122 126 127 128 132 133 134 138 139 140 144 145 146 
c 2 0 40 0 1 2 6 7 8 12 13 14 18 19 20 24 25 26 30 31 32 36 37 38 42 43 44 48 49 50 54 55 56 60 61 62 66 67 68 72 73 74 78 79 80 85 86 90 91 92 96 97 98 102 103 104 108 109 110 114 115 116 120 121 122 126 127 128 132 133 134 138 139 140 144 145 146 
c 2 0 41 0 1 6 7 8 12 13 14 18 19 20 24 25 26 30 31 32 36 37 38 42 43 44 48 49 50 54 55 56 60 61 62 66 67 68 72 73 74 78 79 80 84 85 86 90 91 92 96 97 98 102 103 104 108 109 110 114 115 116 120 121 122 126 127 128 132 133 134 138 139 140 144 145 146 
c 2 0 42 0 1 2 3 4 5 6 7 8 9 10 11 14 15 16 17 21 22 23 27 28 29 30 31 32 33 34 35 37 38 39 40 41 44 45 46 47 51 52 53 57 58 60 61 62 63 64 65 67 68 69 70 71 75 76 77 81 82 83 87 88 90 91 92 93 94 95 98 99 100 101 105 106 107 111 112 113 117 118 119 120 121 122 123 124 125 128 129 130 131 134 135 136 137 140 141 142 143 146 147 148 149 150 
c 2 0 43 0 1 2 3 4 5 6 7 8 9 10 11 12 13 14 15 16 17 20 21 22 26 27 30 31 32 33 34 35 36 37 38 39 40 41 42 43 44 45 46 47 50 51 52 56 57 60 61 62 63 64 65 66 67 68 69 70 71 73 74 75 76 77 80 81 82 86 87 88 90 91 92 93 94 95 96 97 98 99 100 101 103 104 105 106 107 110 111 112 113 116 117 118 119 120 121 122 123 124 125 126 127 128 129 130 131 132 133 134 135 136 137 138 139 140 141 142 143 144 145 146 147 148 149 150 
c 2 0 44 0 1 2 3 4 5 6 7 8 9 10 11 12 13 14 15 16 18 19 20 21 26 27 30 31 32 33 34 35 36 37 38 39 40 41 42 43 44 45 46 49 50 51 56 57 60 61 62 63 64 65 66 67 68 69 70 71 72 73 74 75 76 79 80 81 86 87 90 91 92 93 94 95 96 97 98 99 100 101 102 103 104 105 109 110 111 115 116 117 120 121 122 123 124 125 126 127 128 129 130 131 132 133 134 135 136 137 138 139 140 141 142 143 144 145 146 147 148 149 150 
c 2 0 45 0 1 2 6 7 8 12 13 14 18 19 20 24 25 26 30 31 32 36 37 38 42 43 44 48 49 50 54 55 56 60 61 62 66 67 68 72 73 74 78 79 80 85 86 90 91 92 96 97 98 102 103 104 108 109 110 114 115 116 120 121 122 126 127 128 132 133 134 138 139 140 144 145 146 
c 2 0 46 0 6 7 12 13 14 18 19 20 24 25 26 30 31 36 37 38 42 43 44 48 49 50 54 55 56 60 61 66 67 68 72 73 74 78 79 80 84 85 86 90 91 96 97 98 102 103 104 108 109 110 114 115 116 120 121 122 126 127 128 132 133 134 138 139 140 144 145 146 
c 2 0 47 6 7 12 13 18 19 20 24 25 26 30 36 37 42 43 44 48 49 50 54 55 56 60 66 67 72 73 74 78 79 80 84 85 86 90 91 96 97 102 103 104 108 109 110 114 115 116 120 121 126 127 132 133 138 139 144 145 
c 2 0 48 3 4 5 9 10 11 15 16 17 21 22 23 27 28 29 33 34 35 39 40 41 45 46 47 51 52 53 57 58 59 63 64 65 69 70 71 75 76 77 81 82 83 87 88 89 93 94 95 99 100 101 105 106 107 111 112 113 117 118 119 123 124 125 129 130 131 135 136 137 141 142 143 147 148 149 
c 2 0 49 0 1 2 3 4 5 7 8 9 10 11 14 15 16 17 21 22 23 27 28 30 31 32 33 34 35 37 38 39 40 41 44 45 46 47 51 52 53 57 58 60 61 62 63 64 65 68 69 70 71 75 76 77 81 82 87 88 90 91 92 93 94 95 98 99 100 101 105 106 107 111 112 113 117 118 119 120 121 122 123 124 125 128 129 130 131 134 135 136 137 140 141 142 143 146 147 148 149 150 
c 2 0 50 0 1 2 3 4 5 6 7 8 9 10 11 12 13 14 15 16 19 20 21 22 26 27 30 31 32 33 34 35 36 37 38 39 40 41 42 43 44 45 46 49 50 51 56 57 60 61 62 63 64 65 66 67 68 69 70 71 73 74 75 76 80 81 86 87 90 91 92 93 94 95 96 97 98 99 100 101 103 104 105 106 109 110 111 112 115 116 117 118 120 121 122 123 124 125 126 127 128 129 130 131 132 133 134 135 136 137 138 139 140 141 142 143 144 145 146 147 148 149 150 
c 2 0 51 0 1 6 7 8 12 13 14 18 19 20 24 25 26 30 31 36 37 38 42 43 44 48 49 50 54 55 56 60 61 66 67 68 72 73 74 78 79 80 85 86 90 91 92 96 97 98 102 103 104 108 109 110 114 115 116 120 121 122 126 127 128 132 133 134 138 139 140 144 145 146 
c 2 0 52 6 12 13 18 19 20 24 25 26 30 36 37 42 43 48 49 50 54 55 56 60 66 67 72 73 74 78 79 80 84 85 86 90 96 97 102 103 104 108 109 110 114 115 116 120 121 126 127 132 133 138 139 144 145 
c 2 0 53 12 18 19 24 25 36 42 43 48 49 54 55 56 66 72 73 78 79 80 84 85 86 96 97 102 103 108 109 114 115 120 126 127 132 133 138 139 144 145 
c 2 0 54 5 10 11 16 17 21 22 23 27 28 29 35 40 41 45 46 47 51 52 53 57 58 59 64 65 70 71 75 76 77 81 82 83 87 88 89 94 95 100 101 106 107 112 113 118 119 125 131 137 143 149 
c 2 0 55 2 3 4 5 9 10 11 15 16 17 21 22 23 27 28 29 30 31 32 33 34 35 39 40 41 45 46 47 51 52 53 57 58 59 60 61 62 63 64 65 69 70 71 75 76 77 81 82 83 87 88 89 90 91 92 93 94 95 99 100 101 105 106 107 111 112 113 117 118 119 120 121 122 123 124 125 129 130 131 135 136 137 141 142 143 147 148 149 150 
c 2 0 56 0 1 2 3 4 5 6 7 8 9 10 11 12 13 14 15 16 17 19 20 21 22 26 27 30 31 32 33 34 35 36 37 38 39 40 41 42 43 44 45 46 47 50 51 52 56 57 60 61 62 63 64 65 66 67 68 69 70 71 73 74 75 76 77 80 81 82 86 87 88 90 91 92 93 94 95 96 97 98 99 100 101 103 104 105 106 107 110 111 112 113 116 117 118 119 120 121 122 123 124 125 126 127 128 129 130 131 132 133 134 135 136 137 138 139 140 141 142 143 144 145 146 147 148 149 150 
c 2 0 57 6 7 12 13 14 18 19 20 24 25 26 30 31 36 37 42 43 44 48 49 50 54 55 56 60 66 67 68 72 73 74 78 79 80 84 85 86 90 91 96 97 98 102 103 104 108 109 110 114 115 116 120 121 126 127 132 133 138 139 144 145 
c 2 0 58 12 18 19 24 25 36 42 43 48 49 54 55 56 66 72 73 78 79 80 84 85 86 96 97 102 103 108 109 114 115 120 126 132 138 144 
c 2 0 59 18 24 25 42 48 49 54 55 72 78 79 84 85 96 102 103 108 109 114 115 126 132 138 144 
c 2 0 60 0 1 2 3 4 5 6 7 8 9 10 11 12 13 14 15 16 18 19 20 21 22 25 26 27 30 31 32 33 34 35 36 37 38 39 40 41 42 43 44 45 46 48 49 50 51 52 55 56 57 60 61 62 63 64 65 66 67 68 69 70 71 72 73 74 75 76 79 80 81 85 86 87 90 91 92 93 94 95 96 97 98 99 100 101 102 103 104 105 106 108 109 110 111 112 114 115 116 117 118 120 121 122 123 124 125 126 127 128 129 130 131 132 133 134 135 136 137 138 139 140 141 142 143 144 145 146 147 148 149 150 
c 2 0 61 0 1 2 3 4 5 6 7 8 9 10 11 12 13 14 15 16 18 19 20 21 25 26 27 30 31 32 33 34 35 36 37 38 39 40 41 42 43 44 45 46 48 49 50 51 55 56 60 61 62 63 64 65 66 67 68 69 70 71 72 73 74 75 79 80 81 85 86 87 90 91 92 93 94 95 96 97 98 99 100 101 102 103 104 105 108 109 110 111 114 115 116 117 120 121 122 123 124 125 126 127 128 129 130 131 132 133 134 135 136 137 138 139 140 141 142 143 144 145 146 147 148 149 150 
c 2 0 62 0 1 2 3 4 5 6 7 8 9 10 12 13 14 15 18 19 20 25 26 30 31 32 33 34 35 36 37 38 39 40 42 43 44 45 48 49 50 55 56 60 61 62 63 64 65 66 67 68 69 72 73 74 75 79 80 85 86 90 91 92 93 94 95 96 97 98 99 102 103 104 108 109 110 114 115 116 120 121 122 123 124 125 126 127 128 129 132 133 134 135 138 139 140 141 144 145 146 147 150 
c 2 0 63 0 1 2 3 6 7 8 12 13 14 18 19 20 24 25 26 30 31 32 33 34 35 36 37 38 42 43 44 48 49 50 55 56 60 61 62 63 64 65 66 67 68 72 73 74 78 79 80 85 86 90 91 92 93 94 95 96 97 98 102 103 104 108 109 110 114 115 116 120 121 122 123 124 125 126 127 128 132 133 134 138 139 140 144 145 146 150 
c 2 0 64 0 1 2 3 6 7 8 12 13 14 18 19 20 24 25 26 30 31 32 33 34 35 36 37 38 42 43 44 48 49 50 54 55 56 60 61 62 63 64 65 66 67 68 72 73 74 78 79 80 85 86 90 91 92 93 94 95 96 97 98 102 103 104 108 109 110 114 115 116 120 121 122 123 124 125 126 127 128 132 133 134 138 139 140 144 145 146 150 
c 2 0 65 0 1 2 3 6 7 8 12 13 14 18 19 20 24 25 26 30 31 32 33 34 35 36 37 38 42 43 44 48 49 50 54 55 56 60 61 62 63 64 65 66 67 68 72 73 74 78 79 80 85 86 90 91 92 93 94 95 96 97 98 102 103 104 108 109 110 114 115 116 120 121 122 123 124 125 126 127 128 132 133 134 138 139 140 144 145 146 150 
c 2 0 66 0 1 2 3 4 5 6 7 8 9 10 11 12 13 14 15 16 17 19 20 21 22 23 26 27 28 30 31 32 33 34 35 36 37 38 39 40 41 42 43 44 45 46 47 50 51 52 53 56 57 58 60 61 62 63 64 65 66 67 68 69 70 71 73 74 75 76 77 80 81 82 86 87 88 90 91 92 93 94 95 96 97 98 99 100 101 103 104 105 106 107 110 111 112 113 116 117 118 119 120 121 122 123 124 125 126 127 128 129 130 131 132 133 134 135 136 137 138 139 140 141 142 143 144 145 146 147 148 149 150 
c 2 0 67 0 1 2 3 4 5 6 7 8 9 10 11 12 13 14 15 16 17 19 20 21 22 26 27 30 31 32 33 34 35 36 37 38 39 40 41 42 43 44 45 46 47 49 50 51 52 56 57 60 61 62 63 64 65 66 67 68 69 70 71 72 73 74 75 76 80 81 86 87 90 91 92 93 94 95 96 97 98 99 100 101 103 104 105 106 109 110 111 112 115 116 117 118 120 121 122 123 124 125 126 127 128 129 130 131 132 133 134 135 136 137 138 139 140 141 142 143 144 145 146 147 148 149 150 
c 2 0 68 0 1 2 3 4 5 6 7 8 9 10 11 12 13 14 15 18 19 20 21 25 26 30 31 32 33 34 35 36 37 38 39 40 42 43 44 45 49 50 51 56 60 61 62 63 64 65 66 67 68 69 70 72 73 74 75 79 80 81 86 90 91 92 93 94 95 96 97 98 99 100 102 103 104 105 109 110 111 115 116 117 120 121 122 123 124 125 126 127 128 129 130 132 133 134 135 136 138 139 140 141 142 144 145 146 147 148 150 
c 2 0 69 0 1 2 6 7 8 12 13 14 18 19 20 24 25 26 30 31 32 36 37 38 42 43 44 48 49 50 54 55 56 60 61 62 66 67 68 72 73 74 78 79 80 85 86 90 91 92 96 97 98 102 103 104 108 109 110 114 115 116 120 121 122 126 127 128 132 133 134 138 139 140 144 145 146 
c 2 0 70 0 1 6 7 8 12 13 14 18 19 20 24 25 26 30 31 32 36 37 38 42 43 44 48 49 50 54 55 56 60 61 62 66 67 68 72 73 74 78 79 80 85 86 90 91 92 96 97 98 102 103 104 108 109 110 114 115 116 120 121 122 126 127 128 132 133 134 138 139 140 144 145 146 
c 2 0 71 0 1 6 7 8 12 13 14 18 19 20 24 25 26 30 31 36 37 38 42 43 44 48 49 50 54 55 56 60 61 66 67 68 72 73 74 78 79 80 84 85 86 90 91 92 96 97 98 102 103 104 108 109 110 114 115 116 120 121 122 126 127 128 132 133 134 138 139 140 144 145 146 
c 2 0 72 0 1 2 3 4 5 8 9 10 11 15 16 17 21 22 23 27 28 29 30 31 32 33 34 35 38 39 40 41 45 46 47 51 52 53 57 58 60 61 62 63 64 65 68 69 70 71 75 76 77 81 82 83 87 88 89 90 91 92 93 94 95 98 99 100 101 105 106 107 111 112 113 117 118 119 120 121 122 123 124 125 128 129 130 131 134 135 136 137 140 141 142 143 146 147 148 149 150 
c 2 0 73 0 1 2 3 4 5 6 7 8 9 10 11 13 14 15 16 17 20 21 22 23 26 27 28 30 31 32 33 34 35 36 37 38 39 40 41 43 44 45 46 47 50 51 52 57 58 60 61 62 63 64 65 66 67 68 69 70 71 74 75 76 77 80 81 82 87 88 90 91 92 93 94 95 96 97 98 99 100 101 104 105 106 107 110 111 112 113 116 117 118 119 120 121 122 123 124 125 126 127 128 129 130 131 132 133 134 135 136 137 138 139 140 141 142 143 144 145 146 147 148 149 150 
c 2 0 74 0 1 2 3 4 5 6 7 8 9 10 11 12 13 14 15 16 19 20 21 26 27 30 31 32 33 34 35 36 37 38 39 40 41 42 43 44 45 46 49 50 51 56 57 60 61 62 63 64 65 66 67 68 69 70 71 72 73 74 75 76 79 80 81 86 87 90 91 92 93 94 95 96 97 98 99 100 101 102 103 104 105 109 110 111 115 116 117 120 121 122 123 124 125 126 127 128 129 130 131 132 133 134 135 136 137 138 139 140 141 142 143 144 145 146 147 148 149 150 
c 2 0 75 0 1 6 7 8 12 13 14 18 19 20 24 25 26 30 31 32 36 37 38 42 43 44 48 49 50 54 55 56 60 61 62 66 67 68 72 73 74 78 79 80 85 86 90 91 92 96 97 98 102 103 104 108 109 110 114 115 116 120 121 122 126 127 128 132 133 134 138 139 140 144 145 146 
c 2 0 76 6 7 12 13 14 18 19 20 24 25 26 30 36 37 42 43 44 48 49 50 54 55 56 60 66 67 68 72 73 74 78 79 80 84 85 86 90 91 96 97 98 102 103 104 108 109 110 114 115 116 120 121 126 127 132 133 138 139 144 145 
c 2 0 77 6 12 13 18 19 20 24 25 26 36 37 42 43 48 49 50 54 55 56 66 67 72 73 74 78 79 80 84 85 86 90 96 97 102 103 104 108 109 110 114 115 116 120 121 126 127 132 133 138 139 144 145 
c 2 0 78 4 5 9 10 11 15 16 17 21 22 23 27 28 29 33 34 35 39 40 41 45 46 47 51 52 53 57 58 59 63 64 65 69 70 71 75 76 77 81 82 83 87 88 89 93 94 95 99 100 101 105 106 107 111 112 113 117 118 119 123 124 125 129 130 131 135 136 137 141 142 143 147 148 149 
c 2 0 79 0 1 2 3 4 5 8 9 10 11 15 16 17 21 22 23 27 28 29 30 31 32 33 34 35 38 39 40 41 45 46 47 51 52 53 57 58 60 61 62 63 64 65 68 69 70 71 75 76 77 81 82 83 87 88 89 90 91 92 93 94 95 98 99 100 101 105 106 107 111 112 113 117 118 119 120 121 122 123 124 125 128 129 130 131 134 135 136 137 140 141 142 143 146 147 148 149 150 
c 2 0 80 0 1 2 3 4 5 6 7 8 9 10 11 12 13 14 15 16 17 19 20 21 22 26 27 30 31 32 33 34 35 36 37 38 39 40 41 42 43 44 45 46 47 50 51 52 56 57 60 61 62 63 64 65 66 67 68 69 70 71 73 74 75 76 80 81 86 87 90 91 92 93 94 95 96 97 98 99 100 101 103 104 105 106 109 110 111 112 115 116 117 118 120 121 122 123 124 125 126 127 128 129 130 131 132 133 134 135 136 137 138 139 140 141 142 143 144 145 146 147 148 149 150 
c 2 0 81 0 1 6 7 12 13 14 18 19 20 24 25 26 30 31 36 37 38 42 43 44 48 49 50 54 55 56 60 61 66 67 68 72 73 74 78 79 80 84 85 86 90 91 96 97 98 102 103 104 108 109 110 114 115 116 120 121 122 126 127 128 132 133 134 138 139 140 144 145 146 
c 2 0 82 6 12 13 18 19 24 25 26 36 37 42 43 48 49 50 54 55 56 66 67 72 73 78 79 80 84 85 86 90 96 97 102 103 108 109 114 115 120 126 127 132 133 138 139 144 145 
c 2 0 83 12 18 19 24 25 42 43 48 49 54 55 56 66 72 73 78 79 84 85 96 102 103 108 109 114 115 126 132 138 144 
c 2 0 84 11 16 17 22 23 27 28 29 40 41 46 47 52 53 57 58 59 65 70 71 76 77 82 83 88 89 95 100 101 106 107 112 113 118 119 
c 2 0 85 3 4 5 9 10 11 15 16 17 21 22 23 27 28 29 33 34 35 39 40 41 45 46 47 51 52 53 57 58 63 64 65 69 70 71 75 76 77 81 82 83 87 88 89 93 94 95 99 100 101 105 106 107 111 112 113 117 118 119 123 124 125 129 130 131 135 136 137 141 142 143 147 148 149 
c 2 0 86 0 1 2 3 4 5 6 7 8 9 10 11 13 14 15 16 17 20 21 22 27 30 31 32 33 34 35 36 37 38 39 40 41 43 44 45 46 47 50 51 52 57 60 61 62 63 64 65 66 67 68 69 70 71 74 75 76 77 80 81 87 90 91 92 93 94 95 96 97 98 99 100 101 104 105 106 110 111 112 116 117 118 120 121 122 123 124 125 126 127 128 129 130 131 132 133 134 135 136 137 138 139 140 141 142 143 144 145 146 147 148 149 150 
c 2 0 87 6 12 13 18 19 20 24 25 26 30 36 37 42 43 44 48 49 50 54 55 56 60 66 67 72 73 74 78 79 80 84 85 86 90 91 96 97 98 102 103 104 108 109 110 114 115 116 120 121 126 127 132 133 138 139 144 145 
c 2 0 88 12 18 19 24 25 42 43 48 49 54 55 56 72 73 78 79 84 85 96 102 103 108 109 114 115 126 132 138 144 
c 2 0 89 18 24 25 48 49 54 55 72 78 79 84 85 102 108 114 
c 2 0 90 0 1 2 3 4 5 6 7 8 9 10 11 12 13 14 15 16 17 18 19 20 21 22 25 26 27 30 31 32 33 34 35 36 37 38 39 40 41 42 43 44 45 46 47 48 49 50 51 52 55 56 57 60 61 62 63 64 65 66 67 68 69 70 71 72 73 74 75 76 79 80 81 85 86 87 90 91 92 93 94 95 96 97 98 99 100 101 102 103 104 105 106 108 109 110 111 112 114 115 116 117 118 120 121 122 123 124 125 126 127 128 129 130 131 132 133 134 135 136 137 138 139 140 141 142 143 144 145 146 147 148 149 150 
c 2 0 91 0 1 2 3 4 5 6 7 8 9 10 11 12 13 14 15 16 18 19 20 21 25 26 27 30 31 32 33 34 35 36 37 38 39 40 41 42 43 44 45 46 48 49 50 51 55 56 57 60 61 62 63 64 65 66 67 68 69 70 71 72 73 74 75 76 79 80 81 85 86 87 90 91 92 93 94 95 96 97 98 99 100 101 102 103 104 105 108 109 110 111 114 115 116 117 120 121 122 123 124 125 126 127 128 129 130 131 132 133 134 135 136 137 138 139 140 141 142 143 144 145 146 147 148 149 150 
c 2 0 92 0 1 2 3 4 5 6 7 8 9 10 12 13 14 15 18 19 20 21 25 26 30 31 32 33 34 35 36 37 38 39 40 42 43 44 45 48 49 50 55 56 60 61 62 63 64 65 66 67 68 69 70 72 73 74 75 79 80 85 86 90 91 92 93 94 95 96 97 98 99 100 102 103 104 105 108 109 110 111 114 115 116 117 120 121 122 123 124 125 126 127 128 129 130 132 133 134 135 136 138 139 140 141 142 144 145 146 147 148 150 
c 2 0 93 0 1 2 3 6 7 8 12 13 14 18 19 20 24 25 26 30 31 32 33 34 35 36 37 38 42 43 44 48 49 50 55 56 60 61 62 63 64 65 66 67 68 72 73 74 78 79 80 85 86 90 91 92 93 94 95 96 97 98 102 103 104 108 109 110 114 115 116 120 121 122 123 124 125 126 127 128 132 133 134 138 139 140 144 145 146 150 
c 2 0 94 0 1 2 3 6 7 8 12 13 14 18 19 20 24 25 26 30 31 32 33 34 35 36 37 38 42 43 44 48 49 50 54 55 56 60 61 62 63 64 65 66 67 68 72 73 74 78 79 80 85 86 90 91 92 93 94 95 96 97 98 102 103 104 108 109 110 114 115 116 120 121 122 123 124 125 126 127 128 132 133 134 138 139 140 144 145 146 150 
c 2 0 95 0 1 2 3 6 7 8 12 13 14 18 19 20 24 25 26 30 31 32 33 34 35 36 37 38 42 43 44 48 49 50 54 55 56 60 61 62 63 64 65 66 67 68 72 73 74 78 79 80 85 86 90 91 92 93 94 95 96 97 98 102 103 104 108 109 110 114 115 116 120 121 122 123 124 125 126 127 128 132 133 134 138 139 140 144 145 146 150 
c 2 0 96 0 1 2 3 4 5 6 7 8 9 10 11 13 14 15 16 17 20 21 22 23 26 27 28 30 31 32 33 34 35 36 37 38 39 40 41 42 43 44 45 46 47 50 51 52 53 56 57 58 60 61 62 63 64 65 66 67 68 69 70 71 73 74 75 76 77 80 81 82 86 87 88 90 91 92 93 94 95 96 97 98 99 100 101 103 104 105 106 107 110 111 112 113 116 117 118 119 120 121 122 123 124 125 126 127 128 129 130 131 132 133 134 135 136 137 138 139 140 141 142 143 144 145 146 147 148 149 150 
c 2 0 97 0 1 2 3 4 5 6 7 8 9 10 11 12 13 14 15 16 17 19 20 21 22 26 27 30 31 32 33 34 35 36 37 38 39 40 41 42 43 44 45 46 47 49 50 51 52 56 57 60 61 62 63 64 65 66 67 68 69 70 71 72 73 74 75 76 77 80 81 86 87 90 91 92 93 94 95 96 97 98 99 100 101 103 104 105 106 109 110 111 112 115 116 117 118 120 121 122 123 124 125 126 127 128 129 130 131 132 133 134 135 136 137 138 139 140 141 142 143 144 145 146 147 148 149 150 
c 2 0 98 0 1 2 3 4 5 6 7 8 9 10 11 12 13 14 15 16 18 19 20 21 25 26 27 30 31 32 33 34 35 36 37 38 39 40 41 42 43 44 45 46 49 50 51 56 60 61 62 63 64 65 66 67 68 69 70 71 72 73 74 75 79 80 81 86 87 90 91 92 93 94 95 96 97 98 99 100 101 102 103 104 105 109 110 111 115 116 117 120 121 122 123 124 125 126 127 128 129 130 131 132 133 134 135 136 137 138 139 140 141 142 143 144 145 146 147 148 149 150 
c 2 0 99 0 1 2 6 7 8 12 13 14 18 19 20 24 25 26 30 31 32 36 37 38 42 43 44 48 49 50 54 55 56 60 61 62 66 67 68 72 73 74 78 79 80 85 86 90 91 92 96 97 98 102 103 104 108 109 110 114 115 116 120 121 122 126 127 128 132 133 134 138 139 140 144 145 146 
c 2 0 100 0 1 6 7 8 12 13 14 18 19 20 24 25 26 30 31 32 36 37 38 42 43 44 48 49 50 54 55 56 60 61 62 66 67 68 72 73 74 78 79 80 84 85 86 90 91 92 96 97 98 102 103 104 108 109 110 114 115 116 120 121 122 126 127 128 132 133 134 138 139 140 144 145 146 
c 2 0 101 0 6 7 12 13 14 18 19 20 24 25 26 30 31 36 37 38 42 43 44 48 49 50 54 55 56 60 61 66 67 68 72 73 74 78 79 80 84 85 86 90 91 96 97 98 102 103 104 108 109 110 114 115 116 120 121 122 126 127 128 132 133 134 138 139 140 144 145 146 
c 2 0 102 2 3 4 5 9 10 11 15 16 17 21 22 23 27 28 29 30 31 32 33 34 35 39 40 41 45 46 47 51 52 53 57 58 59 60 61 62 63 64 65 69 70 71 75 76 77 81 82 83 87 88 89 90 91 92 93 94 95 99 100 101 105 106 107 111 112 113 117 118 119 120 121 122 123 124 125 129 130 131 135 136 137 141 142 143 147 148 149 150 
c 2 0 103 0 1 2 3 4 5 6 7 8 9 10 11 13 14 15 16 17 20 21 22 23 27 28 30 31 32 33 34 35 36 37 38 39 40 41 43 44 45 46 47 50 51 52 53 57 58 60 61 62 63 64 65 66 67 68 69 70 71 74 75 76 77 81 82 87 88 90 91 92 93 94 95 96 97 98 99 100 101 104 105 106 107 110 111 112 113 116 117 118 119 120 121 122 123 124 125 127 128 129 130 131 133 134 135 136 137 139 140 141 142 143 145 146 147 148 149 150 
c 2 0 104 0 1 2 3 4 5 6 7 8 9 10 11 12 13 14 15 16 19 20 21 26 27 30 31 32 33 34 35 36 37 38 39 40 41 42 43 44 45 46 49 50 51 56 57 60 61 62 63 64 65 66 67 68 69 70 71 72 73 74 75 76 80 81 86 87 90 91 92 93 94 95 96 97 98 99 100 101 103 104 105 106 109 110 111 112 115 116 117 118 120 121 122 123 124 125 126 127 128 129 130 131 132 133 134 135 136 137 138 139 140 141 142 143 144 145 146 147 148 149 150 
c 2 0 105 0 1 6 7 8 12 13 14 18 19 20 24 25 26 30 31 36 37 38 42 43 44 48 49 50 54 55 56 60 61 62 66 67 68 72 73 74 78 79 80 85 86 90 91 92 96 97 98 102 103 104 108 109 110 114 115 116 120 121 122 126 127 128 132 133 134 138 139 140 144 145 146 
c 2 0 106 6 12 13 18 19 20 24 25 26 30 36 37 42 43 44 48 49 50 54 55 56 60 66 67 72 73 74 78 79 80 84 85 86 90 91 96 97 98 102 103 104 108 109 110 114 115 116 120 121 126 127 132 133 138 139 144 145 
c 2 0 107 12 13 18 19 24 25 26 36 42 43 48 49 50 54 55 56 66 67 72 73 78 79 80 84 85 86 90 96 97 102 103 108 109 114 115 120 126 127 132 133 138 139 144 145 
c 2 0 108 5 10 11 16 17 21 22 23 27 28 29 35 40 41 45 46 47 51 52 53 57 58 59 64 65 70 71 75 76 77 81 82 83 87 88 89 94 95 100 101 106 107 112 113 118 119 125 131 137 143 149 
c 2 0 109 3 4 5 9 10 11 15 16 17 21 22 23 27 28 30 31 32 33 34 35 39 40 41 45 46 47 51 52 53 57 58 60 61 62 63 64 65 69 70 71 75 76 77 81 82 87 88 90 91 92 93 94 95 99 100 101 105 106 107 111 112 113 117 118 119 120 121 122 123 124 125 129 130 131 135 136 137 141 142 143 147 148 149 150 
c 2 0 110 0 1 2 3 4 5 6 7 8 9 10 11 12 13 14 15 16 20 21 26 27 30 31 32 33 34 35 36 37 38 39 40 41 42 43 44 45 46 50 51 56 57 60 61 62 63 64 65 66 67 68 69 70 71 73 74 75 76 80 81 86 87 90 91 92 93 94 95 96 97 98 99 100 101 103 104 105 106 110 111 112 116 117 118 120 121 122 123 124 125 126 127 128 129 130 131 132 133 134 135 136 137 138 139 140 141 142 143 144 145 146 147 148 149 150 
c 2 0 111 6 7 12 13 14 18 19 20 24 25 26 30 31 36 37 42 43 44 48 49 50 54 55 56 60 61 66 67 68 72 73 74 78 79 80 84 85 86 90 91 96 97 98 102 103 104 108 109 110 114 115 116 120 121 126 127 132 133 138 139 144 145 
c 2 0 112 12 18 19 24 25 26 36 42 43 48 49 54 55 56 66 72 73 78 79 80 84 85 86 96 97 102 103 108 109 114 115 120 126 132 138 144 
c 2 0 113 18 24 25 42 48 49 54 55 72 78 79 84 85 96 102 103 108 109 114 115 126 132 138 144 
c 2 0 114 11 16 17 21 22 23 27 28 29 35 40 41 46 47 51 52 53 57 58 59 65 70 71 75 76 77 81 82 83 87 88 89 95 100 101 106 107 112 113 118 119 125 131 137 143 149 
c 2 0 115 3 4 5 9 10 11 15 16 17 21 22 23 27 28 33 34 35 39 40 41 45 46 47 51 52 53 57 58 63 64 65 69 70 71 75 76 77 81 82 87 88 93 94 95 99 100 101 105 106 107 111 112 113 117 118 119 123 124 125 129 130 131 135 136 137 141 142 143 147 148 149 
c 2 0 116 0 1 2 3 4 5 6 7 8 9 10 11 13 14 15 16 20 21 26 27 30 31 32 33 34 35 36 37 38 39 40 41 43 44 45 46 50 51 57 60 61 62 63 64 65 66 67 68 69 70 71 74 75 76 80 81 86 87 90 91 92 93 94 95 96 97 98 99 100 101 104 105 106 110 111 112 116 117 118 120 121 122 123 124 125 126 127 128 129 130 131 132 133 134 135 136 137 138 139 140 141 142 143 144 145 146 147 148 149 150 
c 2 0 117 6 12 13 18 19 20 24 25 26 36 37 42 43 44 48 49 50 54 55 56 60 66 67 72 73 74 78 79 80 84 85 86 90 96 97 102 103 104 108 109 110 114 115 116 120 121 126 127 132 133 138 139 144 145 
c 2 0 118 18 24 25 42 48 49 54 55 72 78 79 84 85 102 103 108 109 114 115 
c 2 0 119 24 48 54 55 78 84 85 102 108 114 
c 2 0 120 0 1 2 3 4 5 6 7 8 9 10 11 12 13 14 15 16 17 18 19 20 21 22 25 26 27 30 31 32 33 34 35 36 37 38 39 40 41 42 43 44 45 46 47 48 49 50 51 52 55 56 57 60 61 62 63 64 65 66 67 68 69 70 71 72 73 74 75 76 77 79 80 81 85 86 87 90 91 92 93 94 95 96 97 98 99 100 101 102 103 104 105 106 108 109 110 111 112 114 115 116 117 118 120 121 122 123 124 125 126 127 128 129 130 131 132 133 134 135 136 137 138 139 140 141 142 143 144 145 146 147 148 149 150 
c 2 0 121 0 1 2 3 4 5 6 7 8 9 10 11 12 13 14 15 16 18 19 20 21 25 26 27 30 31 32 33 34 35 36 37 38 39 40 41 42 43 44 45 46 48 49 50 51 55 56 57 60 61 62 63 64 65 66 67 68 69 70 71 72 73 74 75 76 79 80 81 85 86 87 90 91 92 93 94 95 96 97 98 99 100 101 102 103 104 105 108 109 110 111 114 115 116 117 120 121 122 123 124 125 126 127 128 129 130 131 132 133 134 135 136 137 138 139 140 141 142 143 144 145 146 147 148 149 150 
c 2 0 122 0 1 2 3 4 5 6 7 8 9 10 12 13 14 15 18 19 20 21 25 26 30 31 32 33 34 35 36 37 38 39 40 42 43 44 45 48 49 50 51 55 56 60 61 62 63 64 65 66 67 68 69 70 72 73 74 75 79 80 85 86 90 91 92 93 94 95 96 97 98 99 100 102 103 104 105 108 109 110 111 114 115 116 117 120 121 122 123 124 125 126 127 128 129 130 132 133 134 135 136 138 139 140 141 142 144 145 146 147 148 150 
c 2 0 123 0 1 2 3 6 7 8 12 13 14 18 19 20 24 25 26 30 31 32 33 34 35 36 37 38 42 43 44 48 49 50 55 56 60 61 62 63 64 65 66 67 68 72 73 74 78 79 80 85 86 90 91 92 93 94 95 96 97 98 102 103 104 108 109 110 114 115 116 120 121 122 123 124 125 126 127 128 132 133 134 138 139 140 144 145 146 150 
c 2 0 124 0 1 2 3 6 7 8 12 13 14 18 19 20 24 25 26 30 31 32 33 34 35 36 37 38 42 43 44 48 49 50 54 55 56 60 61 62 63 64 65 66 67 68 72 73 74 78 79 80 85 86 90 91 92 93 94 95 96 97 98 102 103 104 108 109 110 114 115 116 120 121 122 123 124 125 126 127 128 132 133 134 138 139 140 144 145 146 150 
c 2 0 125 0 1 2 3 6 7 8 12 13 14 18 19 20 24 25 26 30 31 32 33 34 35 36 37 38 42 43 44 48 49 50 54 55 56 60 61 62 63 64 65 66 67 68 72 73 74 78 79 80 84 85 86 90 91 92 93 94 95 96 97 98 102 103 104 108 109 110 114 115 116 120 121 122 123 124 125 126 127 128 132 133 134 138 139 140 144 145 146 150 
c 2 0 126 0 1 2 3 4 5 6 7 8 9 10 11 13 14 15 16 17 20 21 22 23 26 27 28 30 31 32 33 34 35 36 37 38 39 40 41 43 44 45 46 47 50 51 52 53 57 58 60 61 62 63 64 65 66 67 68 69 70 71 74 75 76 77 80 81 82 87 88 90 91 92 93 94 95 96 97 98 99 100 101 104 105 106 107 110 111 112 113 116 117 118 119 120 121 122 123 124 125 127 128 129 130 131 133 134 135 136 137 139 140 141 142 143 145 146 147 148 149 150 
c 2 0 127 0 1 2 3 4 5 6 7 8 9 10 11 12 13 14 15 16 17 19 20 21 22 26 27 30 31 32 33 34 35 36 37 38 39 40 41 42 43 44 45 46 47 49 50 51 52 56 57 60 61 62 63 64 65 66 67 68 69 70 71 73 74 75 76 77 80 81 86 87 90 91 92 93 94 95 96 97 98 99 100 101 103 104 105 106 109 110 111 112 115 116 117 118 120 121 122 123 124 125 126 127 128 129 130 131 132 133 134 135 136 137 138 139 140 141 142 143 144 145 146 147 148 149 150 
c 2 0 128 0 1 2 3 4 5 6 7 8 9 10 11 12 13 14 15 16 18 19 20 21 26 27 30 31 32 33 34 35 36 37 38 39 40 41 42 43 44 45 46 49 50 51 56 60 61 62 63 64 65 66 67 68 69 70 71 72 73 74 75 79 80 81 86 87 90 91 92 93 94 95 96 97 98 99 100 101 102 103 104 105 109 110 111 115 116 117 120 121 122 123 124 125 126 127 128 129 130 131 132 133 134 135 136 137 138 139 140 141 142 143 144 145 146 147 148 149 150 
c 2 0 129 0 1 2 6 7 8 12 13 14 18 19 20 24 25 26 30 31 32 36 37 38 42 43 44 48 49 50 54 55 56 60 61 62 66 67 68 72 73 74 78 79 80 85 86 90 91 92 96 97 98 102 103 104 108 109 110 114 115 116 120 121 122 126 127 128 132 133 134 138 139 140 144 145 146 
c 2 0 130 0 1 6 7 8 12 13 14 18 19 20 24 25 26 30 31 36 37 38 42 43 44 48 49 50 54 55 56 60 61 66 67 68 72 73 74 78 79 80 84 85 86 90 91 92 96 97 98 102 103 104 108 109 110 114 115 116 120 121 122 126 127 128 132 133 134 138 139 140 144 145 146 
c 2 0 131 6 7 12 13 14 18 19 20 24 25 26 30 36 37 42 43 44 48 49 50 54 55 56 60 66 67 68 72 73 74 78 79 80 84 85 86 90 91 96 97 98 102 103 104 108 109 110 114 115 116 120 121 126 127 132 133 138 139 144 145 
c 2 0 132 3 4 5 9 10 11 15 16 17 21 22 23 27 28 33 34 35 39 40 41 45 46 47 51 52 53 57 58 63 64 65 69 70 71 75 76 77 81 82 87 88 93 94 95 99 100 101 105 106 107 111 112 113 117 118 119 123 124 125 129 130 131 135 136 137 141 142 143 147 148 149 
c 2 0 133 0 1 2 3 4 5 6 7 8 9 10 11 14 15 16 17 21 22 27 30 31 32 33 34 35 37 38 39 40 41 44 45 46 47 51 52 57 60 61 62 63 64 65 67 68 69 70 71 74 75 76 77 81 87 90 91 92 93 94 95 97 98 99 100 101 104 105 106 110 111 112 116 117 118 120 121 122 123 124 125 127 128 129 130 131 133 134 135 136 137 139 140 141 142 143 145 146 147 148 149 150 
c 2 0 134 0 1 2 3 4 5 6 7 8 9 10 11 12 13 14 15 16 19 20 21 26 27 30 31 32 33 34 35 36 37 38 39 40 41 42 43 44 45 46 49 50 51 56 60 61 62 63 64 65 66 67 68 69 70 71 73 74 75 80 81 86 87 90 91 92 93 94 95 96 97 98 99 100 101 103 104 105 109 110 111 115 116 117 120 121 122 123 124 125 126 127 128 129 130 131 132 133 134 135 136 137 138 139 140 141 142 143 144 145 146 147 148 149 150 
c 2 0 135 0 1 6 7 8 12 13 14 18 19 20 24 25 26 30 31 36 37 38 42 43 44 48 49 50 54 55 56 60 61 66 67 68 72 73 74 78 79 80 84 85 86 90 91 92 96 97 98 102 103 104 108 109 110 114 115 116 120 121 122 126 127 128 132 133 134 138 139 140 144 145 146 
c 2 0 136 6 12 13 18 19 20 24 25 26 36 37 42 43 48 49 50 54 55 56 60 66 67 72 73 74 78 79 80 84 85 86 90 96 97 102 103 108 109 114 115 120 121 126 127 132 133 138 139 144 145 
c 2 0 137 12 18 19 24 25 36 42 43 48 49 54 55 56 66 72 73 78 79 80 84 85 86 96 97 102 103 108 109 114 115 126 132 138 144 
c 2 0 138 3 4 5 9 10 11 15 16 17 21 22 23 27 28 33 34 35 39 40 41 45 46 47 51 52 53 57 58 63 64 65 69 70 71 75 76 77 81 82 87 88 93 94 95 99 100 101 105 106 107 111 112 113 117 118 119 123 124 125 129 130 131 135 136 137 141 142 143 147 148 149 
c 2 0 139 0 1 2 3 4 5 7 8 9 10 11 14 15 16 17 21 22 27 30 31 32 33 34 35 37 38 39 40 41 44 45 46 47 51 52 57 60 61 62 63 64 65 67 68 69 70 71 74 75 76 77 81 87 90 91 92 93 94 95 97 98 99 100 101 104 105 106 110 111 112 116 117 118 120 121 122 123 124 125 127 128 129 130 131 133 134 135 136 137 139 140 141 142 143 145 146 147 148 149 150 
c 2 0 140 0 1 2 3 4 5 6 7 8 9 10 11 12 13 14 15 16 19 20 21 26 27 30 31 32 33 34 35 36 37 38 39 40 41 42 43 44 45 46 50 51 56 60 61 62 63 64 65 66 67 68 69 70 71 73 74 75 80 81 86 87 90 91 92 93 94 95 96 97 98 99 100 101 103 104 105 109 110 111 115 116 117 120 121 122 123 124 125 126 127 128 129 130 131 132 133 134 135 136 137 138 139 140 141 142 143 144 145 146 147 148 149 150 
c 2 0 141 0 6 7 12 13 14 18 19 20 24 25 26 30 31 36 37 38 42 43 44 48 49 50 54 55 56 60 61 66 67 68 72 73 74 78 79 80 84 85 86 90 91 96 97 98 102 103 104 108 109 110 114 115 116 120 121 122 126 127 128 132 133 134 138 139 140 144 145 146 
c 2 0 142 12 18 19 24 25 26 42 43 48 49 54 55 56 66 72 73 78 79 80 84 85 86 96 97 102 103 108 109 114 115 120 126 132 138 144 
c 2 0 143 18 24 25 48 49 54 55 72 78 79 84 85 102 108 114 
c 2 0 144 3 4 5 9 10 11 15 16 17 21 22 23 27 28 33 34 35 39 40 41 45 46 47 51 52 53 57 58 63 64 65 69 70 71 75 76 77 81 82 87 88 93 94 95 99 100 101 105 106 107 111 112 113 117 118 119 123 124 125 129 130 131 135 136 137 141 142 143 147 148 149 
c 2 0 145 0 1 2 3 4 5 7 8 9 10 11 14 15 16 17 21 22 27 30 31 32 33 34 35 37 38 39 40 41 44 45 46 47 51 52 57 60 61 62 63 64 65 67 68 69 70 71 74 75 76 77 81 87 90 91 92 93 94 95 97 98 99 100 101 104 105 106 110 111 112 116 117 118 120 121 122 123 124 125 127 128 129 130 131 133 134 135 136 137 139 140 141 142 143 145 146 147 148 149 150 
c 2 0 146 0 1 2 3 4 5 6 7 8 9 10 11 12 13 14 15 16 19 20 21 26 27 30 31 32 33 34 35 36 37 38 39 40 41 42 43 44 45 46 50 51 56 60 61 62 63 64 65 66 67 68 69 70 71 73 74 75 80 81 86 87 90 91 92 93 94 95 96 97 98 99 100 101 103 104 105 109 110 111 115 116 117 120 121 122 123 124 125 126 127 128 129 130 131 132 133 134 135 136 137 138 139 140 141 142 143 144 145 146 147 148 149 150 
c 2 0 147 0 6 7 12 13 14 18 19 20 24 25 26 30 31 36 37 38 42 43 44 48 49 50 54 55 56 60 61 66 67 68 72 73 74 78 79 80 84 85 86 90 91 96 97 98 102 103 104 108 109 110 114 115 116 120 121 122 126 127 128 132 133 134 138 139 140 144 145 146 
c 2 0 148 12 18 19 24 25 26 42 43 48 49 54 55 56 66 72 73 78 79 80 84 85 86 96 97 102 103 108 109 114 115 120 126 132 138 144 
c 2 0 149 24 48 54 55 78 79 84 85 102 108 114 
c 2 0 150 0 1 2 3 6 7 8 12 13 14 18 19 20 25 26 30 31 32 33 34 35 36 37 38 42 43 44 48 49 50 55 56 60 61 62 63 64 65 66 67 68 72 73 74 79 80 85 86 90 91 92 93 94 95 96 97 98 102 103 104 108 109 110 114 115 116 120 121 122 123 124 125 126 127 128 132 133 134 138 139 140 144 145 146 150 
c 1 0 0 
c 1 0 1 
c 1 0 2 
c 1 0 3 
c 1 0 4 
c 1 0 5 
c 1 0 6 
c 1 0 7 
c 1 0 8 
c 1 0 9 
c 1 0 10 
c 1 0 11 
c 1 0 12 
c 1 0 13 
c 1 0 14 
c 1 0 15 
c 1 0 16 
c 1 0 17 
c 1 0 18 
c 1 0 19 
c 1 0 20 
c 1 0 21 
c 1 0 22 
c 1 0 23 
c 1 0 24 
c 1 0 25 
c 1 0 26 
c 1 0 27 
c 1 0 28 
c 1 0 29 
c 1 0 30 
c 1 0 31 
c 1 0 32 
c 1 0 33 
c 1 0 34 
c 1 0 35 
c 1 0 36 
c 1 0 37 
c 1 0 38 
c 1 0 39 
c 1 0 40 
c 1 0 41 
c 1 0 42 
c 1 0 43 
c 1 0 44 
c 1 0 45 
c 1 0 46 
c 1 0 47 
c 1 0 48 
c 1 0 49 
c 1 0 50 
c 1 0 51 
c 1 0 52 
c 1 0 53 
c 1 0 54 
c 1 0 55 
c 1 0 56 
c 1 0 57 
c 1 0 58 
c 1 0 59 
c 1 0 60 
c 1 0 61 
c 1 0 62 
c 1 0 63 
c 1 0 64 
c 1 0 65 
c 1 0 66 
c 1 0 67 
c 1 0 68 
c 1 0 69 
c 1 0 70 
c 1 0 71 
c 1 0 72 
c 1 0 73 
c 1 0 74 
c 1 0 75 
c 1 0 76 
c 1 0 77 
c 1 0 78 
c 1 0 79 
c 1 0 80 
c 1 0 81 
c 1 0 82 
c 1 0 83 
c 1 0 84 
c 1 0 85 
c 1 0 86 
c 1 0 87 
c 1 0 88 
c 1 0 89 
c 1 0 90 
c 1 0 91 
c 1 0 92 
c 1 0 93 
c 1 0 94 
c 1 0 95 
c 1 0 96 
c 1 0 97 
c 1 0 98 
c 1 0 99 
c 1 0 100 
c 1 0 101 
c 1 0 102 
c 1 0 103 
c 1 0 104 
c 1 0 105 
c 1 0 106 
c 1 0 107 
c 1 0 108 
c 1 0 109 
c 1 0 110 
c 1 0 111 
c 1 0 112 
c 1 0 113 
c 1 0 114 
c 1 0 115 
c 1 0 116 
c 1 0 117 
c 1 0 118 
c 1 0 119 
c 1 0 120 
c 1 0 121 
c 1 0 122 
c 1 0 123 
c 1 0 124 
c 1 0 125 
c 1 0 126 
c 1 0 127 
c 1 0 128 
c 1 0 129 
c 1 0 130 
c 1 0 131 
c 1 0 132 
c 1 0 133 
c 1 0 134 
c 1 0 135 
c 1 0 136 
c 1 0 137 
c 1 0 138 
c 1 0 139 
c 1 0 140 
c 1 0 141 
c 1 0 142 
c 1 0 143 
c 1 0 144 
c 1 0 145 
c 1 0 146 
c 1 0 147 
c 1 0 148 
c 1 0 149 
c 1 0 150 
m 0 26 0 1 0
m 1 21 0 1 1
m 2 18 0 1 2
m 3 18 0 1 4
m 4 21 0 1 5
m 5 26 0 1 6
m 6 29 0 2 0
m 7 24 0 2 1
m 8 21 0 2 2
m 9 21 0 2 4
m 10 24 0 2 5
m 11 29 0 2 6
m 12 34 0 3 0
m 13 29 0 3 1
m 14 26 0 3 2
m 15 26 0 3 4
m 16 29 0 3 5
m 17 34 0 3 6
m 18 41 0 4 0
m 19 36 0 4 1
m 20 33 0 4 2
m 21 33 0 4 4
m 22 36 0 4 5
m 23 41 0 4 6
m 24 50 0 5 0
m 25 45 0 5 1
m 26 42 0 5 2
m 27 42 0 5 4
m 28 45 0 5 5
m 29 50 0 5 6
m 30 19 1 1 0
m 31 14 1 1 1
m 32 11 1 1 2
m 33 11 1 1 4
m 34 14 1 1 5
m 35 19 1 1 6
m 36 22 1 2 0
m 37 17 1 2 1
m 38 14 1 2 2
m 39 14 1 2 4
m 40 17 1 2 5
m 41 22 1 2 6
m 42 27 1 3 0
m 43 22 1 3 1
m 44 19 1 3 2
m 45 19 1 3 4
m 46 22 1 3 5
m 47 27 1 3 6
m 48 34 1 4 0
m 49 29 1 4 1
m 50 26 1 4 2
m 51 26 1 4 4
m 52 29 1 4 5
m 53 34 1 4 6
m 54 43 1 5 0
m 55 38 1 5 1
m 56 35 1 5 2
m 57 35 1 5 4
m 58 38 1 5 5
m 59 43 1 5 6
m 60 14 2 1 0
m 61 9 2 1 1
m 62 6 2 1 2
m 63 6 2 1 4
m 64 9 2 1 5
m 65 14 2 1 6
m 66 17 2 2 0
m 67 12 2 2 1
m 68 9 2 2 2
m 69 9 2 2 4
m 70 12 2 2 5
m 71 17 2 2 6
m 72 22 2 3 0
m 73 17 2 3 1
m 74 14 2 3 2
m 75 14 2 3 4
m 76 17 2 3 5
m 77 22 2 3 6
m 78 29 2 4 0
m 79 24 2 4 1
m 80 21 2 4 2
m 81 21 2 4 4
m 82 24 2 4 5
m 83 29 2 4 6
m 84 38 2 5 0
m 85 33 2 5 1
m 86 30 2 5 2
m 87 30 2 5 4
m 88 33 2 5 5
m 89 38 2 5 6
m 90 11 3 1 0
m 91 6 3 1 1
m 92 3 3 1 2
m 93 3 3 1 4
m 94 6 3 1 5
m 95 11 3 1 6
m 96 14 3 2 0
m 97 9 3 2 1
m 98 6 3 2 2
m 99 6 3 2 4
m 100 9 3 2 5
m 101 14 3 2 6
m 102 19 3 3 0
m 103 14 3 3 1
m 104 11 3 3 2
m 105 11 3 3 4
m 106 14 3 3 5
m 107 19 3 3 6
m 108 26 3 4 0
m 109 21 3 4 1
m 110 18 3 4 2
m 111 18 3 4 4
m 112 21 3 4 5
m 113 26 3 4 6
m 114 35 3 5 0
m 115 30 3 5 1
m 116 27 3 5 2
m 117 27 3 5 4
m 118 30 3 5 5
m 119 35 3 5 6
m 120 10 4 1 0
m 121 5 4 1 1
m 122 2 4 1 2
m 123 2 4 1 4
m 124 5 4 1 5
m 125 10 4 1 6
m 126 13 4 2 0
m 127 8 4 2 1
m 128 5 4 2 2
m 129 5 4 2 4
m 130 8 4 2 5
m 131 13 4 2 6
m 132 18 4 3 0
m 133 13 4 3 1
m 134 10 4 3 2
m 135 10 4 3 4
m 136 13 4 3 5
m 137 18 4 3 6
m 138 25 4 4 0
m 139 20 4 4 1
m 140 17 4 4 2
m 141 17 4 4 4
m 142 20 4 4 5
m 143 25 4 4 6
m 144 34 4 5 0
m 145 29 4 5 1
m 146 26 4 5 2
m 147 26 4 5 4
m 148 29 4 5 5
m 149 34 4 5 6
m 150 0 4 0 3
