d 5 151 5 6 7
c 4 0 0 0 1 6 7 8 12 13 14 18 19 20 24 25 26 30 31 36 37 38 42 43 44 48 49 50 54 55 56 60 66 72 78 84 
c 4 0 1 6 7 12 13 14 18 19 20 24 25 26 30 36 37 42 43 48 49 54 55 
c 4 0 2 6 12 13 18 19 24 25 30 36 37 42 43 48 49 54 55 
c 4 0 3 6 12 13 18 19 24 25 36 42 48 54 
c 4 0 4 12 13 18 19 24 25 36 42 48 54 
c 4 0 5 12 18 19 24 25 36 42 48 54 
c 4 0 6 0 1 2 3 4 6 7 8 9 12 13 14 19 20 25 26 30 31 32 33 34 36 37 38 39 42 43 44 48 49 50 54 55 56 60 61 62 63 64 66 67 68 69 70 72 73 74 75 76 78 79 80 81 82 84 85 86 87 88 90 91 92 93 94 95 96 97 98 99 100 101 102 103 104 105 106 107 108 109 110 111 112 113 114 115 116 117 118 119 120 121 122 123 124 125 126 127 128 129 130 131 132 133 134 135 136 137 138 139 140 141 142 143 144 145 146 147 148 149 150 
c 4 0 7 0 1 2 6 7 8 12 13 14 19 20 25 26 30 31 32 36 37 38 42 43 44 48 49 50 54 55 56 60 61 62 66 67 68 72 73 74 78 79 80 84 85 86 
c 4 0 8 0 6 7 12 13 14 18 19 20 24 25 26 30 31 36 37 42 43 48 49 54 55 
c 4 0 9 12 13 18 19 24 25 36 42 48 54 
c 4 0 10 12 18 24 
c 4 0 11 12 18 24 
c 4 0 12 0 1 2 3 4 5 6 7 8 9 10 11 13 14 15 20 21 26 27 30 31 32 33 34 35 36 37 38 39 40 41 43 44 45 46 49 50 51 52 55 56 57 58 60 61 62 63 64 65 66 67 68 69 70 71 72 73 74 75 76 77 78 79 80 81 82 83 84 85 86 87 88 89 90 91 92 93 94 95 96 97 98 99 100 101 102 103 104 105 106 107 108 109 110 111 112 113 114 115 116 117 118 119 120 121 122 123 124 125 126 127 128 129 130 131 132 133 134 135 136 137 138 139 140 141 142 143 144 145 146 147 148 149 150 
c 4 0 13 0 1 2 3 4 6 7 8 9 12 13 14 19 20 25 26 30 31 32 33 34 36 37 38 39 42 43 44 48 49 50 54 55 56 60 61 62 63 64 66 67 68 69 70 72 73 74 75 76 78 79 80 81 82 84 85 86 87 88 90 91 92 93 94 95 96 97 98 99 100 101 102 103 104 105 106 107 108 109 110 111 112 113 114 115 116 117 118 119 120 121 122 123 124 125 126 127 128 129 130 131 132 133 134 135 136 137 138 139 140 141 142 143 144 145 146 147 148 149 150 
c 4 0 14 0 1 6 7 8 12 13 14 18 19 20 24 25 26 30 31 32 36 37 38 42 43 44 48 49 50 54 55 56 60 61 66 67 72 73 78 79 84 85 
c 4 0 15 12 18 24 
c 4 0 16 18 24 
c 4 0 17 
c 4 0 18 3 4 5 9 10 11 15 16 21 22 27 28 33 34 35 39 40 41 45 46 47 51 52 53 57 58 59 63 64 65 69 70 71 75 76 77 81 82 83 87 88 89 90 91 92 93 94 95 96 97 98 99 100 101 102 103 104 105 106 107 108 109 110 111 112 113 114 115 116 117 118 119 120 121 122 123 124 125 126 127 128 129 130 131 132 133 134 135 136 137 138 139 140 141 142 143 144 145 146 147 148 149 150 
c 4 0 19 0 1 2 3 4 5 6 7 8 9 10 14 15 20 21 26 27 30 31 32 33 34 35 36 37 38 39 43 44 45 49 50 51 55 56 57 60 61 62 63 64 65 66 67 68 69 70 71 72 73 74 75 76 77 78 79 80 81 82 83 84 85 86 87 88 89 90 91 92 93 94 95 96 97 98 99 100 101 102 103 104 105 106 107 108 109 110 111 112 113 114 115 116 117 118 119 120 121 122 123 124 125 126 127 128 129 130 131 132 133 134 135 136 137 138 139 140 141 142 143 144 145 146 147 148 149 150 
c 4 0 20 0 1 2 6 7 8 12 13 14 19 20 25 26 30 31 32 36 37 38 42 43 44 48 49 50 54 55 56 60 61 62 66 67 68 72 73 74 78 79 80 84 85 86 
c 4 0 21 12 18 24 
c 4 0 22 
c 4 0 23 
c 4 0 24 3 4 5 9 10 11 15 16 21 22 27 28 33 34 35 39 40 41 45 46 47 51 52 53 57 58 59 64 65 70 71 76 77 82 83 88 89 
c 4 0 25 0 1 2 3 4 5 7 8 9 10 14 15 20 21 26 27 30 31 32 33 34 35 37 38 39 44 45 50 51 56 57 60 61 62 63 64 65 66 67 68 69 70 71 72 73 74 75 76 77 78 79 80 81 82 83 84 85 86 87 88 89 90 91 92 93 94 95 96 97 98 99 100 101 102 103 104 105 106 107 108 109 110 111 112 113 114 115 116 117 118 119 120 121 122 123 124 125 126 127 128 129 130 131 132 133 134 135 136 137 138 139 140 141 142 143 144 145 146 147 148 149 150 
c 4 0 26 0 1 2 6 7 8 12 13 14 19 20 25 26 30 31 32 36 37 38 42 43 44 48 49 50 54 55 56 60 61 62 66 67 68 72 73 74 78 79 80 84 85 86 
c 4 0 27 18 24 
c 4 0 28 
c 4 0 29 
c 4 0 30 0 1 2 6 7 8 12 13 14 18 19 20 24 25 26 30 31 32 36 37 38 42 43 44 48 49 50 54 55 56 60 61 62 66 67 68 72 73 74 78 79 80 84 85 86 
c 4 0 31 0 6 7 8 12 13 14 18 19 20 24 25 26 30 31 36 37 42 43 48 49 54 55 60 66 72 78 84 
c 4 0 32 6 7 12 13 18 19 24 25 30 36 37 42 43 48 49 54 55 
c 4 0 33 6 12 13 18 19 24 25 36 42 48 54 
c 4 0 34 12 13 18 19 24 25 36 42 48 54 
c 4 0 35 12 18 24 36 42 48 54 
c 4 0 36 0 1 2 3 4 5 6 7 8 9 10 12 13 14 15 19 20 21 25 26 27 30 31 32 33 34 35 36 37 38 39 40 42 43 44 45 48 49 50 51 54 55 56 57 60 61 62 63 64 65 66 67 68 69 70 71 72 73 74 75 76 77 78 79 80 81 82 83 84 85 86 87 88 89 90 91 92 93 94 95 96 97 98 99 100 101 102 103 104 105 106 107 108 109 110 111 112 113 114 115 116 117 118 119 120 121 122 123 124 125 126 127 128 129 130 131 132 133 134 135 136 137 138 139 140 141 142 143 144 145 146 147 148 149 150 
c 4 0 37 0 1 2 3 6 7 8 12 13 14 19 20 25 26 30 31 32 36 37 38 42 43 44 48 49 50 54 55 56 60 61 62 66 67 68 72 73 74 78 79 80 84 85 86 90 91 92 93 94 95 96 97 98 99 100 101 102 103 104 105 106 107 108 109 110 111 112 113 114 115 116 117 118 119 120 121 122 123 124 125 126 127 128 129 130 131 132 133 134 135 136 137 138 139 140 141 142 143 144 145 146 147 148 149 150 
c 4 0 38 0 1 6 7 8 12 13 14 18 19 20 24 25 26 30 31 36 37 38 42 43 44 48 49 50 54 55 56 60 66 72 78 84 
c 4 0 39 12 18 24 36 42 48 54 
c 4 0 40 12 18 24 
c 4 0 41 18 24 
c 4 0 42 0 1 2 3 4 5 6 7 8 9 10 11 14 15 20 21 26 27 30 31 32 33 34 35 36 37 38 39 40 43 44 45 46 49 50 51 52 55 56 57 58 60 61 62 63 64 65 66 67 68 69 70 71 72 73 74 75 76 77 78 79 80 81 82 83 84 85 86 87 88 89 90 91 92 93 94 95 96 97 98 99 100 101 102 103 104 105 106 107 108 109 110 111 112 113 114 115 116 117 118 119 120 121 122 123 124 125 126 127 128 129 130 131 132 133 134 135 136 137 138 139 140 141 142 143 144 145 146 147 148 149 150 
c 4 0 43 0 1 2 3 4 6 7 8 12 13 14 19 20 25 26 30 31 32 33 34 36 37 38 42 43 44 48 49 50 54 55 56 60 61 62 63 66 67 68 69 72 73 74 75 78 79 80 81 84 85 86 87 90 91 92 93 94 95 96 97 98 99 100 101 102 103 104 105 106 107 108 109 110 111 112 113 114 115 116 117 118 119 120 121 122 123 124 125 126 127 128 129 130 131 132 133 134 135 136 137 138 139 140 141 142 143 144 145 146 147 148 149 150 
c 4 0 44 0 1 6 7 8 12 13 14 19 20 25 26 30 31 36 37 38 42 43 44 48 49 50 54 55 56 60 61 66 67 72 73 78 79 84 85 
c 4 0 45 12 18 24 
c 4 0 46 18 24 
c 4 0 47 
c 4 0 48 0 1 2 3 4 5 8 9 10 11 14 15 21 27 30 31 32 33 34 35 38 39 40 44 45 46 50 51 52 56 57 58 60 61 62 63 64 65 66 67 68 69 70 71 72 73 74 75 76 77 78 79 80 81 82 83 84 85 86 87 88 89 90 91 92 93 94 95 96 97 98 99 100 101 102 103 104 105 106 107 108 109 110 111 112 113 114 115 116 117 118 119 120 121 122 123 124 125 126 127 128 129 130 131 132 133 134 135 136 137 138 139 140 141 142 143 144 145 146 147 148 149 150 
c 4 0 49 0 1 2 3 4 6 7 8 13 14 20 26 30 31 32 33 34 36 37 38 43 44 49 50 55 56 60 61 62 63 66 67 68 69 72 73 74 75 78 79 80 81 84 85 86 87 90 91 92 93 94 95 96 97 98 99 100 101 102 103 104 105 106 107 108 109 110 111 112 113 114 115 116 117 118 119 120 121 122 123 124 125 126 127 128 129 130 131 132 133 134 135 136 137 138 139 140 141 142 143 144 145 146 147 148 149 150 
c 4 0 50 0 1 6 7 8 12 13 14 19 20 25 26 30 31 36 37 38 42 43 44 48 49 50 54 55 56 60 61 66 67 72 73 78 79 84 85 
c 4 0 51 12 18 24 
c 4 0 52 
c 4 0 53 
c 4 0 54 0 1 2 3 4 5 8 9 10 11 14 15 21 27 30 31 32 33 34 35 38 39 40 44 45 46 50 51 52 56 57 58 60 61 62 63 64 65 66 67 68 69 70 71 72 73 74 75 76 77 78 79 80 81 82 83 84 85 86 87 88 89 90 91 92 93 94 95 96 97 98 99 100 101 102 103 104 105 106 107 108 109 110 111 112 113 114 115 116 117 118 119 120 121 122 123 124 125 126 127 128 129 130 131 132 133 134 135 136 137 138 139 140 141 142 143 144 145 146 147 148 149 150 
c 4 0 55 0 1 2 3 4 6 7 8 13 14 20 26 30 31 32 33 34 36 37 38 43 44 49 50 55 56 60 61 62 63 66 67 68 69 72 73 74 75 78 79 80 81 84 85 86 87 90 91 92 93 94 95 96 97 98 99 100 101 102 103 104 105 106 107 108 109 110 111 112 113 114 115 116 117 118 119 120 121 122 123 124 125 126 127 128 129 130 131 132 133 134 135 136 137 138 139 140 141 142 143 144 145 146 147 148 149 150 
c 4 0 56 0 1 6 7 8 12 13 14 19 20 25 26 30 31 36 37 38 42 43 44 48 49 50 54 55 56 60 61 66 67 72 73 78 79 84 85 
c 4 0 57 12 18 24 
c 4 0 58 
c 4 0 59 
c 4 0 60 0 1 2 6 7 8 12 13 14 18 19 20 24 25 26 30 31 32 36 37 38 42 43 44 48 49 50 54 55 56 60 61 62 66 67 68 72 73 74 78 79 80 84 85 86 
c 4 0 61 0 1 6 7 8 12 13 14 18 19 20 24 25 26 30 31 36 37 38 42 43 44 48 49 50 54 55 56 60 66 72 78 84 
c 4 0 62 6 7 12 13 18 19 24 25 30 36 37 42 43 48 49 54 55 
c 4 0 63 12 13 18 19 24 25 36 42 48 54 
c 4 0 64 12 13 18 19 24 25 36 42 48 54 
c 4 0 65 12 18 24 36 42 48 54 
c 4 0 66 0 1 2 3 6 7 8 12 13 14 19 20 25 26 30 31 32 33 36 37 38 42 43 44 48 49 50 54 55 56 60 61 62 63 66 67 68 69 72 73 74 75 78 79 80 81 84 85 86 87 90 91 92 93 94 95 96 97 98 99 100 101 102 103 104 105 106 107 108 109 110 111 112 113 114 115 116 117 118 119 120 121 122 123 124 125 126 127 128 129 130 131 132 133 134 135 136 137 138 139 140 141 142 143 144 145 146 147 148 149 150 
c 4 0 67 0 1 2 6 7 8 12 13 14 19 20 25 26 30 31 32 36 37 38 42 43 44 48 49 50 54 55 56 60 61 66 67 72 73 78 79 84 85 
c 4 0 68 0 6 7 12 13 14 18 19 20 24 25 26 30 36 37 42 43 48 49 54 55 60 66 72 78 84 
c 4 0 69 12 18 24 36 42 48 54 
c 4 0 70 12 18 24 
c 4 0 71 18 24 
c 4 0 72 0 1 2 3 6 7 8 13 14 20 26 30 31 32 33 36 37 38 42 43 44 48 49 50 54 55 56 60 61 62 63 66 67 68 69 72 73 74 75 78 79 80 81 84 85 86 87 90 91 92 93 94 95 96 97 98 99 100 101 102 103 104 105 106 107 108 109 110 111 112 113 114 115 116 117 118 119 120 121 122 123 124 125 126 127 128 129 130 131 132 133 134 135 136 137 138 139 140 141 142 143 144 145 146 147 148 149 150 
c 4 0 73 0 1 2 6 7 8 12 13 14 19 20 25 26 30 31 32 36 37 38 42 43 44 48 49 50 54 55 56 60 61 66 67 72 73 78 79 84 85 
c 4 0 74 0 6 7 12 13 14 18 19 20 24 25 26 30 36 37 42 43 48 49 54 55 60 66 72 78 84 
c 4 0 75 12 18 24 
c 4 0 76 18 24 
c 4 0 77 
c 4 0 78 0 1 2 3 6 7 8 13 14 20 26 30 31 32 33 36 37 38 42 43 44 48 49 50 54 55 56 60 61 62 63 66 67 68 69 72 73 74 75 78 79 80 81 84 85 86 87 90 91 92 93 94 95 96 97 98 99 100 101 102 103 104 105 106 107 108 109 110 111 112 113 114 115 116 117 118 119 120 121 122 123 124 125 126 127 128 129 130 131 132 133 134 135 136 137 138 139 140 141 142 143 144 145 146 147 148 149 150 
c 4 0 79 0 1 2 6 7 8 12 13 14 19 20 25 26 30 31 32 36 37 38 42 43 44 48 49 50 54 55 56 60 61 66 67 72 73 78 79 84 85 
c 4 0 80 0 6 7 12 13 14 18 19 20 24 25 26 30 36 37 42 43 48 49 54 55 60 66 72 78 84 
c 4 0 81 12 18 24 
c 4 0 82 18 24 
c 4 0 83 
c 4 0 84 0 1 2 3 6 7 8 13 14 20 26 30 31 32 33 36 37 38 42 43 44 48 49 50 54 55 56 60 61 62 63 66 67 68 69 72 73 74 75 78 79 80 81 84 85 86 87 90 91 92 93 94 95 96 97 98 99 100 101 102 103 104 105 106 107 108 109 110 111 112 113 114 115 116 117 118 119 120 121 122 123 124 125 126 127 128 129 130 131 132 133 134 135 136 137 138 139 140 141 142 143 144 145 146 147 148 149 150 
c 4 0 85 0 1 2 6 7 8 12 13 14 19 20 25 26 30 31 32 36 37 38 42 43 44 48 49 50 54 55 56 60 61 66 67 72 73 78 79 84 85 
c 4 0 86 0 6 7 12 13 14 18 19 20 24 25 26 30 36 37 42 43 48 49 54 55 60 66 72 78 84 
c 4 0 87 12 18 24 
c 4 0 88 18 24 
c 4 0 89 
c 4 0 90 0 6 7 12 13 14 18 19 20 24 25 26 30 31 36 37 42 43 48 49 54 55 60 66 72 78 84 
c 4 0 91 6 7 12 13 18 19 24 25 30 36 37 42 43 48 49 54 55 
c 4 0 92 6 12 13 18 19 24 25 36 37 42 43 48 49 54 55 
c 4 0 93 12 13 18 19 24 25 36 42 48 54 
c 4 0 94 12 13 18 19 24 25 36 42 48 54 
c 4 0 95 12 18 24 36 42 48 54 
c 4 0 96 0 6 7 12 13 14 19 20 25 26 30 31 36 37 42 43 48 49 54 55 60 66 72 78 84 
c 4 0 97 6 7 12 13 18 19 24 25 30 36 37 42 43 48 49 54 55 
c 4 0 98 6 12 13 18 19 24 25 36 37 42 43 48 49 54 55 
c 4 0 99 12 13 18 19 24 25 36 42 48 54 
c 4 0 100 12 13 18 19 24 25 36 42 48 54 
c 4 0 101 12 18 24 
c 4 0 102 0 6 7 12 13 14 19 20 25 26 30 31 36 37 42 43 48 49 54 55 60 66 72 78 84 
c 4 0 103 6 7 12 13 18 19 24 25 30 36 37 42 43 48 49 54 55 
c 4 0 104 6 12 13 18 19 24 25 36 37 42 43 48 49 54 55 
c 4 0 105 12 13 18 19 24 25 36 42 48 54 
c 4 0 106 12 13 18 19 24 25 36 42 48 54 
c 4 0 107 12 18 24 
c 4 0 108 0 6 7 12 13 14 19 20 25 26 30 31 36 37 42 43 48 49 54 55 60 66 72 78 84 
c 4 0 109 6 7 12 13 18 19 24 25 30 36 37 42 43 48 49 54 55 
c 4 0 110 6 12 13 18 19 24 25 36 37 42 43 48 49 54 55 
c 4 0 111 12 13 18 19 24 25 36 42 48 54 
c 4 0 112 12 13 18 19 24 25 36 42 48 54 
c 4 0 113 12 18 24 
c 4 0 114 0 6 7 12 13 14 19 20 25 26 30 31 36 37 42 43 48 49 54 55 60 66 72 78 84 
c 4 0 115 6 7 12 13 18 19 24 25 30 36 37 42 43 48 49 54 55 
c 4 0 116 6 12 13 18 19 24 25 36 37 42 43 48 49 54 55 
c 4 0 117 12 13 18 19 24 25 36 42 48 54 
c 4 0 118 12 13 18 19 24 25 36 42 48 54 
c 4 0 119 12 18 24 
c 4 0 120 6 12 13 18 19 24 25 36 42 48 54 
c 4 0 121 6 12 13 18 19 24 25 36 42 48 54 
c 4 0 122 6 12 13 18 19 24 25 36 42 48 54 
c 4 0 123 6 12 13 18 19 24 25 36 42 48 54 
c 4 0 124 6 12 13 18 19 24 25 36 42 48 54 
c 4 0 125 6 12 13 18 19 24 25 36 42 48 54 
c 4 0 126 6 12 13 18 19 24 25 36 42 48 54 
c 4 0 127 6 12 13 18 19 24 25 36 42 48 54 
c 4 0 128 6 12 13 18 19 24 25 36 42 48 54 
c 4 0 129 6 12 13 18 19 24 25 36 42 48 54 
c 4 0 130 6 12 13 18 19 24 25 36 42 48 54 
c 4 0 131 6 12 13 18 19 24 25 36 42 48 54 
c 4 0 132 6 12 13 18 19 24 25 36 42 48 54 
c 4 0 133 6 12 13 18 19 24 25 36 42 48 54 
c 4 0 134 6 12 13 18 19 24 25 36 42 48 54 
c 4 0 135 6 12 13 18 19 24 25 36 42 48 54 
c 4 0 136 6 12 13 18 19 24 25 36 42 48 54 
c 4 0 137 6 12 13 18 19 24 25 36 42 48 54 
c 4 0 138 6 12 13 18 19 24 25 36 42 48 54 
c 4 0 139 6 12 13 18 19 24 25 36 42 48 54 
c 4 0 140 6 12 13 18 19 24 25 36 42 48 54 
c 4 0 141 6 12 13 18 19 24 25 36 42 48 54 
c 4 0 142 6 12 13 18 19 24 25 36 42 48 54 
c 4 0 143 6 12 13 18 19 24 25 36 42 48 54 
c 4 0 144 6 12 13 18 19 24 25 36 42 48 54 
c 4 0 145 6 12 13 18 19 24 25 36 42 48 54 
c 4 0 146 6 12 13 18 19 24 25 36 42 48 54 
c 4 0 147 6 12 13 18 19 24 25 36 42 48 54 
c 4 0 148 6 12 13 18 19 24 25 36 42 48 54 
c 4 0 149 6 12 13 18 19 24 25 36 42 48 54 
c 4 0 150 6 12 13 18 19 24 25 36 42 48 54 
c 1 0 0 
c 1 0 1 
c 1 0 2 
c 1 0 3 
c 1 0 4 
c 1 0 5 
c 1 0 6 
c 1 0 7 
c 1 0 8 
c 1 0 9 
c 1 0 10 
c 1 0 11 
c 1 0 12 
c 1 0 13 
c 1 0 14 
c 1 0 15 
c 1 0 16 
c 1 0 17 
c 1 0 18 
c 1 0 19 
c 1 0 20 
c 1 0 21 
c 1 0 22 
c 1 0 23 
c 1 0 24 
c 1 0 25 
c 1 0 26 
c 1 0 27 
c 1 0 28 
c 1 0 29 
c 1 0 30 
c 1 0 31 
c 1 0 32 
c 1 0 33 
c 1 0 34 
c 1 0 35 
c 1 0 36 
c 1 0 37 
c 1 0 38 
c 1 0 39 
c 1 0 40 
c 1 0 41 
c 1 0 42 
c 1 0 43 
c 1 0 44 
c 1 0 45 
c 1 0 46 
c 1 0 47 
c 1 0 48 
c 1 0 49 
c 1 0 50 
c 1 0 51 
c 1 0 52 
c 1 0 53 
c 1 0 54 
c 1 0 55 
c 1 0 56 
c 1 0 57 
c 1 0 58 
c 1 0 59 
c 1 0 60 
c 1 0 61 
c 1 0 62 
c 1 0 63 
c 1 0 64 
c 1 0 65 
c 1 0 66 
c 1 0 67 
c 1 0 68 
c 1 0 69 
c 1 0 70 
c 1 0 71 
c 1 0 72 
c 1 0 73 
c 1 0 74 
c 1 0 75 
c 1 0 76 
c 1 0 77 
c 1 0 78 
c 1 0 79 
c 1 0 80 
c 1 0 81 
c 1 0 82 
c 1 0 83 
c 1 0 84 
c 1 0 85 
c 1 0 86 
c 1 0 87 
c 1 0 88 
c 1 0 89 
c 1 0 90 
c 1 0 91 
c 1 0 92 
c 1 0 93 
c 1 0 94 
c 1 0 95 
c 1 0 96 
c 1 0 97 
c 1 0 98 
c 1 0 99 
c 1 0 100 
c 1 0 101 
c 1 0 102 
c 1 0 103 
c 1 0 104 
c 1 0 105 
c 1 0 106 
c 1 0 107 
c 1 0 108 
c 1 0 109 
c 1 0 110 
c 1 0 111 
c 1 0 112 
c 1 0 113 
c 1 0 114 
c 1 0 115 
c 1 0 116 
c 1 0 117 
c 1 0 118 
c 1 0 119 
c 1 0 120 
c 1 0 121 
c 1 0 122 
c 1 0 123 
c 1 0 124 
c 1 0 125 
c 1 0 126 
c 1 0 127 
c 1 0 128 
c 1 0 129 
c 1 0 130 
c 1 0 131 
c 1 0 132 
c 1 0 133 
c 1 0 134 
c 1 0 135 
c 1 0 136 
c 1 0 137 
c 1 0 138 
c 1 0 139 
c 1 0 140 
c 1 0 141 
c 1 0 142 
c 1 0 143 
c 1 0 144 
c 1 0 145 
c 1 0 146 
c 1 0 147 
c 1 0 148 
c 1 0 149 
c 1 0 150 
c 2 0 0 54 
c 2 0 1 54 
c 2 0 2 54 
c 2 0 3 54 
c 2 0 4 54 
c 2 0 5 54 
c 2 0 6 54 84 
c 2 0 7 54 84 
c 2 0 8 54 
c 2 0 9 54 
c 2 0 10 
c 2 0 11 
c 2 0 12 24 54 78 84 
c 2 0 13 24 54 78 84 
c 2 0 14 24 54 84 
c 2 0 15 
c 2 0 16 
c 2 0 17 
c 2 0 18 24 54 78 84 
c 2 0 19 24 54 78 84 
c 2 0 20 24 54 78 84 
c 2 0 21 
c 2 0 22 
c 2 0 23 
c 2 0 24 24 54 78 84 108 114 
c 2 0 25 24 48 54 78 84 108 114 
c 2 0 26 24 54 78 84 
c 2 0 27 
c 2 0 28 
c 2 0 29 
c 2 0 30 54 84 
c 2 0 31 54 
c 2 0 32 54 
c 2 0 33 54 
c 2 0 34 54 
c 2 0 35 
c 2 0 36 24 54 78 84 
c 2 0 37 24 54 78 84 
c 2 0 38 54 84 
c 2 0 39 54 
c 2 0 40 
c 2 0 41 
c 2 0 42 24 54 78 84 
c 2 0 43 24 54 78 84 
c 2 0 44 24 54 78 84 
c 2 0 45 
c 2 0 46 
c 2 0 47 
c 2 0 48 24 48 54 78 84 108 114 
c 2 0 49 24 48 54 78 84 
c 2 0 50 24 54 78 84 
c 2 0 51 
c 2 0 52 
c 2 0 53 
c 2 0 54 24 48 54 78 84 85 108 114 
c 2 0 55 24 48 54 78 84 108 114 
c 2 0 56 24 48 54 78 84 
c 2 0 57 
c 2 0 58 
c 2 0 59 
c 2 0 60 54 84 
c 2 0 61 54 84 
c 2 0 62 54 
c 2 0 63 54 
c 2 0 64 54 
c 2 0 65 
c 2 0 66 24 54 78 84 
c 2 0 67 24 54 78 84 
c 2 0 68 24 54 84 
c 2 0 69 54 
c 2 0 70 
c 2 0 71 
c 2 0 72 24 54 78 84 
c 2 0 73 24 54 78 84 
c 2 0 74 24 54 78 84 
c 2 0 75 
c 2 0 76 
c 2 0 77 
c 2 0 78 24 48 54 78 84 85 108 114 
c 2 0 79 24 48 54 78 84 108 114 
c 2 0 80 24 54 78 84 
c 2 0 81 
c 2 0 82 
c 2 0 83 
c 2 0 84 18 24 48 54 55 78 84 85 102 108 114 132 138 144 
c 2 0 85 18 24 48 54 55 78 84 85 102 108 114 
c 2 0 86 24 48 54 78 84 
c 2 0 87 
c 2 0 88 
c 2 0 89 
c 2 0 90 24 54 84 
c 2 0 91 24 54 84 
c 2 0 92 54 
c 2 0 93 54 
c 2 0 94 54 
c 2 0 95 
c 2 0 96 24 54 78 84 
c 2 0 97 24 54 78 84 
c 2 0 98 24 54 84 
c 2 0 99 54 
c 2 0 100 
c 2 0 101 
c 2 0 102 24 48 54 78 84 108 114 
c 2 0 103 24 48 54 78 84 
c 2 0 104 24 54 78 84 
c 2 0 105 
c 2 0 106 
c 2 0 107 
c 2 0 108 18 24 48 54 55 78 84 85 102 108 114 132 138 144 
c 2 0 109 18 24 48 54 78 84 85 102 108 114 
c 2 0 110 24 48 54 78 84 
c 2 0 111 
c 2 0 112 
c 2 0 113 
c 2 0 114 18 24 25 42 48 54 55 72 78 79 84 85 102 108 109 114 115 126 132 138 144 
c 2 0 115 18 24 25 42 48 54 55 72 78 79 84 85 102 108 109 114 115 132 138 144 
c 2 0 116 24 48 54 78 84 102 108 114 
c 2 0 117 
c 2 0 118 
c 2 0 119 
c 2 0 120 24 54 78 84 
c 2 0 121 24 54 78 84 
c 2 0 122 54 
c 2 0 123 54 
c 2 0 124 54 
c 2 0 125 
c 2 0 126 24 54 78 84 
c 2 0 127 24 54 78 84 
c 2 0 128 24 54 78 84 
c 2 0 129 54 
c 2 0 130 
c 2 0 131 
c 2 0 132 24 48 54 78 84 85 102 108 114 
c 2 0 133 24 48 54 78 84 102 108 114 
c 2 0 134 24 54 78 84 
c 2 0 135 
c 2 0 136 
c 2 0 137 
c 2 0 138 18 24 25 42 48 54 55 72 78 79 84 85 102 108 109 114 115 132 138 144 
c 2 0 139 18 24 48 54 55 72 78 84 85 102 108 114 132 138 144 
c 2 0 140 24 48 54 78 84 102 108 114 
c 2 0 141 
c 2 0 142 
c 2 0 143 
c 2 0 144 12 18 19 24 25 36 42 48 49 54 55 66 72 73 78 79 84 85 86 96 102 103 108 109 114 115 126 132 133 138 139 144 145 
c 2 0 145 12 18 19 24 25 42 48 49 54 55 72 78 79 84 85 96 102 103 108 109 114 115 126 132 133 138 139 144 145 
c 2 0 146 18 24 48 54 78 84 102 108 114 
c 2 0 147 
c 2 0 148 
c 2 0 149 
c 2 0 150 54 
m 0 26 0 1 0
m 1 21 0 1 1
m 2 18 0 1 2
m 3 18 0 1 4
m 4 21 0 1 5
m 5 26 0 1 6
m 6 29 0 2 0
m 7 24 0 2 1
m 8 21 0 2 2
m 9 21 0 2 4
m 10 24 0 2 5
m 11 29 0 2 6
m 12 34 0 3 0
m 13 29 0 3 1
m 14 26 0 3 2
m 15 26 0 3 4
m 16 29 0 3 5
m 17 34 0 3 6
m 18 41 0 4 0
m 19 36 0 4 1
m 20 33 0 4 2
m 21 33 0 4 4
m 22 36 0 4 5
m 23 41 0 4 6
m 24 50 0 5 0
m 25 45 0 5 1
m 26 42 0 5 2
m 27 42 0 5 4
m 28 45 0 5 5
m 29 50 0 5 6
m 30 19 1 1 0
m 31 14 1 1 1
m 32 11 1 1 2
m 33 11 1 1 4
m 34 14 1 1 5
m 35 19 1 1 6
m 36 22 1 2 0
m 37 17 1 2 1
m 38 14 1 2 2
m 39 14 1 2 4
m 40 17 1 2 5
m 41 22 1 2 6
m 42 27 1 3 0
m 43 22 1 3 1
m 44 19 1 3 2
m 45 19 1 3 4
m 46 22 1 3 5
m 47 27 1 3 6
m 48 34 1 4 0
m 49 29 1 4 1
m 50 26 1 4 2
m 51 26 1 4 4
m 52 29 1 4 5
m 53 34 1 4 6
m 54 43 1 5 0
m 55 38 1 5 1
m 56 35 1 5 2
m 57 35 1 5 4
m 58 38 1 5 5
m 59 43 1 5 6
m 60 14 2 1 0
m 61 9 2 1 1
m 62 6 2 1 2
m 63 6 2 1 4
m 64 9 2 1 5
m 65 14 2 1 6
m 66 17 2 2 0
m 67 12 2 2 1
m 68 9 2 2 2
m 69 9 2 2 4
m 70 12 2 2 5
m 71 17 2 2 6
m 72 22 2 3 0
m 73 17 2 3 1
m 74 14 2 3 2
m 75 14 2 3 4
m 76 17 2 3 5
m 77 22 2 3 6
m 78 29 2 4 0
m 79 24 2 4 1
m 80 21 2 4 2
m 81 21 2 4 4
m 82 24 2 4 5
m 83 29 2 4 6
m 84 38 2 5 0
m 85 33 2 5 1
m 86 30 2 5 2
m 87 30 2 5 4
m 88 33 2 5 5
m 89 38 2 5 6
m 90 11 3 1 0
m 91 6 3 1 1
m 92 3 3 1 2
m 93 3 3 1 4
m 94 6 3 1 5
m 95 11 3 1 6
m 96 14 3 2 0
m 97 9 3 2 1
m 98 6 3 2 2
m 99 6 3 2 4
m 100 9 3 2 5
m 101 14 3 2 6
m 102 19 3 3 0
m 103 14 3 3 1
m 104 11 3 3 2
m 105 11 3 3 4
m 106 14 3 3 5
m 107 19 3 3 6
m 108 26 3 4 0
m 109 21 3 4 1
m 110 18 3 4 2
m 111 18 3 4 4
m 112 21 3 4 5
m 113 26 3 4 6
m 114 35 3 5 0
m 115 30 3 5 1
m 116 27 3 5 2
m 117 27 3 5 4
m 118 30 3 5 5
m 119 35 3 5 6
m 120 10 4 1 0
m 121 5 4 1 1
m 122 2 4 1 2
m 123 2 4 1 4
m 124 5 4 1 5
m 125 10 4 1 6
m 126 13 4 2 0
m 127 8 4 2 1
m 128 5 4 2 2
m 129 5 4 2 4
m 130 8 4 2 5
m 131 13 4 2 6
m 132 18 4 3 0
m 133 13 4 3 1
m 134 10 4 3 2
m 135 10 4 3 4
m 136 13 4 3 5
m 137 18 4 3 6
m 138 25 4 4 0
m 139 20 4 4 1
m 140 17 4 4 2
m 141 17 4 4 4
m 142 20 4 4 5
m 143 25 4 4 6
m 144 34 4 5 0
m 145 29 4 5 1
m 146 26 4 5 2
m 147 26 4 5 4
m 148 29 4 5 5
m 149 34 4 5 6
m 150 0 4 0 3
