d 5 151 5 6 7
c 1 0 0 58 59 82 83 87 88 89 112 113 118 119 136 137 142 143 148 149 
c 1 0 1 58 59 82 83 87 88 89 112 113 118 119 136 137 142 143 148 149 
c 1 0 2 58 59 82 83 87 88 89 112 113 118 119 136 137 142 143 148 149 
c 1 0 3 28 29 52 53 57 58 59 82 83 87 88 89 106 107 112 113 118 119 130 131 136 137 142 143 148 149 
c 1 0 4 22 23 27 28 29 46 47 51 52 53 57 58 59 76 77 81 82 83 87 88 89 100 101 105 106 107 111 112 113 117 118 119 130 131 136 137 142 143 148 149 
c 1 0 5 10 11 15 16 17 21 22 23 27 28 29 34 39 40 41 45 46 47 51 52 53 57 58 59 64 65 69 70 71 75 76 77 81 82 83 87 88 89 94 95 99 100 101 105 106 107 111 112 113 117 118 119 123 124 125 129 130 131 135 136 137 141 142 143 147 148 149 
c 1 0 6 58 59 82 87 88 89 112 113 118 119 136 137 142 143 148 149 
c 1 0 7 58 88 89 112 113 118 119 136 137 142 143 148 149 
c 1 0 8 58 59 82 83 87 88 89 112 113 118 119 136 137 142 143 148 149 
c 1 0 9 22 27 28 29 46 51 52 53 57 58 59 76 77 81 82 83 87 88 89 101 105 106 107 111 112 113 117 118 119 130 131 136 137 142 143 148 149 
c 1 0 10 9 10 11 15 16 17 21 22 23 27 28 29 34 35 39 40 41 45 46 47 51 52 53 57 58 59 63 64 65 69 70 71 75 76 77 81 82 83 87 88 89 93 94 95 99 100 101 105 106 107 111 112 113 117 118 119 123 124 125 129 130 131 135 136 137 141 142 143 147 148 149 
c 1 0 11 0 1 2 3 4 5 8 9 10 11 14 15 16 17 21 22 23 27 28 29 30 31 32 33 34 35 38 39 40 41 45 46 47 51 52 53 57 58 59 60 61 62 63 64 65 68 69 70 71 75 76 77 81 82 83 87 88 89 90 91 92 93 94 95 98 99 100 101 105 106 107 111 112 113 117 118 119 120 121 122 123 124 125 128 129 130 131 134 135 136 137 140 141 142 143 146 147 148 149 150 
c 1 0 12 58 88 89 112 113 117 118 119 136 137 142 143 148 149 
c 1 0 13 88 89 112 113 118 119 136 137 142 143 148 149 
c 1 0 14 58 88 89 112 113 118 119 136 137 142 143 148 149 
c 1 0 15 16 17 21 22 23 27 28 29 40 41 45 46 47 51 52 53 57 58 59 70 71 75 76 77 81 82 83 87 88 89 100 101 105 106 107 111 112 113 117 118 119 124 125 129 130 131 135 136 137 141 142 143 147 148 149 
c 1 0 16 0 1 2 3 4 5 8 9 10 11 15 16 17 21 22 23 27 28 29 30 31 32 33 34 35 38 39 40 41 45 46 47 51 52 53 57 58 59 60 61 62 63 64 65 68 69 70 71 75 76 77 81 82 83 87 88 89 90 91 92 93 94 95 98 99 100 101 105 106 107 111 112 113 117 118 119 120 121 122 123 124 125 128 129 130 131 134 135 136 137 140 141 142 143 146 147 148 149 150 
c 1 0 17 0 1 2 3 4 5 6 7 8 9 10 11 13 14 15 16 17 20 21 22 23 26 27 28 29 30 31 32 33 34 35 36 37 38 39 40 41 43 44 45 46 47 50 51 52 53 56 57 58 59 60 61 62 63 64 65 66 67 68 69 70 71 73 74 75 76 77 80 81 82 83 86 87 88 89 90 91 92 93 94 95 96 97 98 99 100 101 103 104 105 106 107 109 110 111 112 113 115 116 117 118 119 120 121 122 123 124 125 126 127 128 129 130 131 132 133 134 135 136 137 138 139 140 141 142 143 144 145 146 147 148 149 150 
c 1 0 18 88 89 113 117 118 119 137 142 143 148 149 
c 1 0 19 88 89 118 119 142 143 148 149 
c 1 0 20 88 89 112 113 118 119 136 137 142 143 148 149 
c 1 0 21 9 10 11 15 16 17 21 22 23 27 28 29 33 34 35 39 40 41 45 46 47 51 52 53 57 58 59 63 64 65 69 70 71 75 76 77 81 82 83 87 88 89 93 94 95 99 100 101 105 106 107 111 112 113 117 118 119 123 124 125 129 130 131 135 136 137 141 142 143 147 148 149 
c 1 0 22 0 1 2 3 4 5 6 7 8 9 10 11 13 14 15 16 17 20 21 22 23 26 27 28 29 30 31 32 33 34 35 36 37 38 39 40 41 44 45 46 47 50 51 52 53 56 57 58 59 60 61 62 63 64 65 67 68 69 70 71 74 75 76 77 80 81 82 83 86 87 88 89 90 91 92 93 94 95 97 98 99 100 101 103 104 105 106 107 109 110 111 112 113 115 116 117 118 119 120 121 122 123 124 125 126 127 128 129 130 131 132 133 134 135 136 137 138 139 140 141 142 143 144 145 146 147 148 149 150 
c 1 0 23 0 1 2 3 4 5 6 7 8 9 10 11 12 13 14 15 16 17 19 20 21 22 23 25 26 27 28 29 30 31 32 33 34 35 36 37 38 39 40 41 42 43 44 45 46 47 49 50 51 52 53 55 56 57 58 59 60 61 62 63 64 65 66 67 68 69 70 71 72 73 74 75 76 77 78 79 80 81 82 83 84 85 86 87 88 89 90 91 92 93 94 95 96 97 98 99 100 101 102 103 104 105 106 107 108 109 110 111 112 113 114 115 116 117 118 119 120 121 122 123 124 125 126 127 128 129 130 131 132 133 134 135 136 137 138 139 140 141 142 143 144 145 146 147 148 149 150 
c 1 0 24 88 118 119 142 143 148 149 
c 1 0 25 118 119 142 143 148 149 
c 1 0 26 88 89 118 119 142 143 148 149 
c 1 0 27 2 3 4 5 9 10 11 15 16 17 21 22 23 27 28 29 30 31 32 33 34 35 39 40 41 45 46 47 51 52 53 57 58 59 63 64 65 69 70 71 75 76 77 81 82 83 87 88 89 90 91 92 93 94 95 99 100 101 105 106 107 111 112 113 117 118 119 120 121 122 123 124 125 129 130 131 135 136 137 141 142 143 147 148 149 150 
c 1 0 28 0 1 2 3 4 5 6 7 8 9 10 11 13 14 15 16 17 20 21 22 23 26 27 28 29 30 31 32 33 34 35 36 37 38 39 40 41 43 44 45 46 47 50 51 52 53 56 57 58 59 60 61 62 63 64 65 66 67 68 69 70 71 73 74 75 76 77 80 81 82 83 86 87 88 89 90 91 92 93 94 95 96 97 98 99 100 101 103 104 105 106 107 109 110 111 112 113 115 116 117 118 119 120 121 122 123 124 125 126 127 128 129 130 131 132 133 134 135 136 137 138 139 140 141 142 143 144 145 146 147 148 149 150 
c 1 0 29 0 1 2 3 4 5 6 7 8 9 10 11 12 13 14 15 16 17 19 20 21 22 23 25 26 27 28 29 30 31 32 33 34 35 36 37 38 39 40 41 42 43 44 45 46 47 49 50 51 52 53 55 56 57 58 59 60 61 62 63 64 65 66 67 68 69 70 71 72 73 74 75 76 77 78 79 80 81 82 83 84 85 86 87 90 91 92 93 94 95 96 97 98 99 100 101 102 103 104 105 106 107 108 109 110 111 112 114 115 116 117 118 120 121 122 123 124 125 126 127 128 129 130 131 132 133 134 135 136 137 138 139 140 141 142 143 144 145 146 147 148 149 150 
c 1 0 30 58 59 82 83 87 88 89 107 112 113 118 119 136 137 142 143 148 149 
c 1 0 31 58 59 82 83 87 88 89 107 112 113 118 119 136 137 142 143 148 149 
c 1 0 32 58 59 82 83 87 88 89 107 112 113 118 119 136 137 142 143 148 149 
c 1 0 33 28 29 52 53 57 58 59 76 81 82 83 87 88 89 106 107 111 112 113 117 118 119 130 131 136 137 142 143 148 149 
c 1 0 34 16 21 22 23 27 28 29 45 46 47 51 52 53 57 58 59 70 71 75 76 77 81 82 83 87 88 89 100 101 105 106 107 111 112 113 117 118 119 124 125 129 130 131 135 136 137 141 142 143 147 148 149 
c 1 0 35 3 4 5 9 10 11 15 16 17 21 22 23 27 28 29 33 34 35 39 40 41 45 46 47 51 52 53 57 58 59 63 64 65 69 70 71 75 76 77 81 82 83 87 88 89 93 94 95 99 100 101 105 106 107 111 112 113 117 118 119 123 124 125 129 130 131 135 136 137 141 142 143 147 148 149 
c 1 0 36 58 82 87 88 89 112 113 118 119 136 137 142 143 148 149 
c 1 0 37 58 88 89 112 113 118 119 136 137 142 143 148 149 
c 1 0 38 58 59 82 83 87 88 89 112 113 118 119 136 137 142 143 148 149 
c 1 0 39 21 22 23 27 28 29 46 47 51 52 53 57 58 59 70 71 75 76 77 81 82 83 87 88 89 100 101 105 106 107 111 112 113 117 118 119 125 130 131 136 137 142 143 148 149 
c 1 0 40 3 4 5 9 10 11 15 16 17 21 22 23 27 28 29 30 31 32 33 34 35 39 40 41 45 46 47 51 52 53 57 58 59 63 64 65 69 70 71 75 76 77 81 82 83 87 88 89 90 91 92 93 94 95 99 100 101 105 106 107 111 112 113 117 118 119 120 121 122 123 124 125 129 130 131 135 136 137 141 142 143 147 148 149 150 
c 1 0 41 0 1 2 3 4 5 6 7 8 9 10 11 14 15 16 17 20 21 22 23 26 27 28 29 30 31 32 33 34 35 36 37 38 39 40 41 44 45 46 47 50 51 52 53 57 58 59 60 61 62 63 64 65 67 68 69 70 71 74 75 76 77 80 81 82 83 86 87 88 89 90 91 92 93 94 95 97 98 99 100 101 104 105 106 107 110 111 112 113 116 117 118 119 120 121 122 123 124 125 126 127 128 129 130 131 132 133 134 135 136 137 138 139 140 141 142 143 144 145 146 147 148 149 150 
c 1 0 42 88 89 112 113 118 119 136 137 142 143 148 149 
c 1 0 43 88 89 112 113 118 119 137 142 143 148 149 
c 1 0 44 58 88 89 112 113 118 119 136 137 142 143 148 149 
c 1 0 45 15 16 17 21 22 23 27 28 29 39 40 41 45 46 47 51 52 53 57 58 59 64 65 69 70 71 75 76 77 81 82 83 87 88 89 94 95 99 100 101 105 106 107 111 112 113 117 118 119 123 124 125 129 130 131 135 136 137 141 142 143 147 148 149 
c 1 0 46 0 1 2 3 4 5 7 8 9 10 11 14 15 16 17 20 21 22 23 27 28 29 30 31 32 33 34 35 37 38 39 40 41 44 45 46 47 50 51 52 53 57 58 59 60 61 62 63 64 65 68 69 70 71 74 75 76 77 81 82 83 87 88 89 90 91 92 93 94 95 97 98 99 100 101 104 105 106 107 110 111 112 113 116 117 118 119 120 121 122 123 124 125 127 128 129 130 131 133 134 135 136 137 139 140 141 142 143 145 146 147 148 149 150 
c 1 0 47 0 1 2 3 4 5 6 7 8 9 10 11 12 13 14 15 16 17 19 20 21 22 23 26 27 28 29 30 31 32 33 34 35 36 37 38 39 40 41 42 43 44 45 46 47 49 50 51 52 53 56 57 58 59 60 61 62 63 64 65 66 67 68 69 70 71 72 73 74 75 76 77 79 80 81 82 83 85 86 87 88 89 90 91 92 93 94 95 96 97 98 99 100 101 102 103 104 105 106 107 108 109 110 111 112 113 114 115 116 117 118 119 120 121 122 123 124 125 126 127 128 129 130 131 132 133 134 135 136 137 138 139 140 141 142 143 144 145 146 147 148 149 150 
c 1 0 48 88 89 118 119 142 143 148 149 
c 1 0 49 88 89 118 119 142 143 148 149 
c 1 0 50 88 89 112 113 118 119 137 142 143 148 149 
c 1 0 51 3 4 5 9 10 11 15 16 17 21 22 23 27 28 29 33 34 35 39 40 41 45 46 47 51 52 53 57 58 59 63 64 65 69 70 71 75 76 77 81 82 83 87 88 89 93 94 95 99 100 101 105 106 107 111 112 113 117 118 119 123 124 125 129 130 131 135 136 137 141 142 143 147 148 149 
c 1 0 52 0 1 2 3 4 5 6 7 8 9 10 11 14 15 16 17 20 21 22 23 27 28 29 30 31 32 33 34 35 36 37 38 39 40 41 44 45 46 47 50 51 52 53 57 58 59 60 61 62 63 64 65 67 68 69 70 71 74 75 76 77 80 81 82 83 86 87 88 89 90 91 92 93 94 95 97 98 99 100 101 104 105 106 107 110 111 112 113 116 117 118 119 120 121 122 123 124 125 126 127 128 129 130 131 132 133 134 135 136 137 138 139 140 141 142 143 144 145 146 147 148 149 150 
c 1 0 53 0 1 2 3 4 5 6 7 8 9 10 11 12 13 14 15 16 17 19 20 21 22 23 26 27 28 29 30 31 32 33 34 35 36 37 38 39 40 41 42 43 44 45 46 47 49 50 51 52 53 56 57 58 59 60 61 62 63 64 65 66 67 68 69 70 71 72 73 74 75 76 77 79 80 81 82 83 85 86 87 88 89 90 91 92 93 94 95 96 97 98 99 100 101 102 103 104 105 106 107 108 109 110 111 112 113 114 115 116 117 118 119 120 121 122 123 124 125 126 127 128 129 130 131 132 133 134 135 136 137 138 139 140 141 142 143 144 145 146 147 148 149 150 
c 1 0 54 118 119 142 143 148 149 
c 1 0 55 118 119 142 143 148 149 
c 1 0 56 88 89 118 119 142 143 148 149 
c 1 0 57 3 4 5 9 10 11 15 16 17 21 22 23 27 28 29 33 34 35 39 40 41 45 46 47 51 52 53 57 58 59 63 64 65 69 70 71 75 76 77 81 82 83 87 88 89 93 94 95 99 100 101 105 106 107 111 112 113 117 118 119 123 124 125 129 130 131 135 136 137 141 142 143 147 148 149 
c 1 0 58 0 1 2 3 4 5 6 7 8 9 10 11 14 15 16 17 20 21 22 23 27 28 29 30 31 32 33 34 35 36 37 38 39 40 41 44 45 46 47 50 51 52 53 57 58 59 60 61 62 63 64 65 67 68 69 70 71 74 75 76 77 80 81 82 83 86 87 88 89 90 91 92 93 94 95 97 98 99 100 101 104 105 106 107 110 111 112 113 116 117 118 119 120 121 122 123 124 125 126 127 128 129 130 131 132 133 134 135 136 137 138 139 140 141 142 143 144 145 146 147 148 149 150 
c 1 0 59 0 1 2 3 4 5 6 7 8 9 10 11 12 13 14 15 16 17 19 20 21 22 23 26 27 28 29 30 31 32 33 34 35 36 37 38 39 40 41 42 43 44 45 46 47 49 50 51 52 53 56 57 59 60 61 62 63 64 65 66 67 68 69 70 71 72 73 74 75 76 77 79 80 81 83 85 86 87 90 91 92 93 94 95 96 97 98 99 100 101 102 103 104 105 106 107 108 109 110 111 112 114 115 116 117 118 120 121 122 123 124 125 126 127 128 129 130 131 132 133 134 135 136 137 138 139 140 141 142 143 144 145 146 147 148 149 150 
c 1 0 60 58 59 82 83 87 88 89 107 112 113 118 119 136 137 142 143 148 149 
c 1 0 61 58 59 82 83 87 88 89 107 112 113 118 119 136 137 142 143 148 149 
c 1 0 62 58 59 82 83 87 88 89 107 112 113 118 119 136 137 142 143 148 149 
c 1 0 63 22 27 28 29 46 52 53 57 58 59 76 77 81 82 83 87 88 89 106 107 111 112 113 117 118 119 130 131 136 137 142 143 148 149 
c 1 0 64 10 15 16 17 21 22 23 27 28 29 39 40 41 45 46 47 51 52 53 57 58 59 65 69 70 71 75 76 77 81 82 83 87 88 89 95 99 100 101 105 106 107 111 112 113 117 118 119 123 124 125 129 130 131 135 136 137 141 142 143 147 148 149 
c 1 0 65 2 3 4 5 9 10 11 15 16 17 21 22 23 27 28 29 30 31 32 33 34 35 39 40 41 45 46 47 51 52 53 57 58 59 60 61 62 63 64 65 69 70 71 75 76 77 81 82 83 87 88 89 90 91 92 93 94 95 99 100 101 105 106 107 111 112 113 117 118 119 120 121 122 123 124 125 129 130 131 135 136 137 141 142 143 147 148 149 150 
c 1 0 66 58 88 89 112 113 118 119 136 137 142 143 148 149 
c 1 0 67 58 88 89 112 113 118 119 136 137 142 143 148 149 
c 1 0 68 58 59 82 83 87 88 89 112 113 118 119 136 137 142 143 148 149 
c 1 0 69 16 21 22 23 27 28 29 45 46 47 51 52 53 57 58 59 70 71 75 76 77 81 82 83 87 88 89 100 101 105 106 107 111 112 113 117 118 119 124 125 129 130 131 135 136 137 141 142 143 147 148 149 
c 1 0 70 2 3 4 5 9 10 11 15 16 17 21 22 23 27 28 29 30 31 32 33 34 35 39 40 41 45 46 47 51 52 53 57 58 59 60 61 62 63 64 65 69 70 71 75 76 77 81 82 83 87 88 89 90 91 92 93 94 95 99 100 101 105 106 107 111 112 113 117 118 119 120 121 122 123 124 125 129 130 131 135 136 137 141 142 143 147 148 149 150 
c 1 0 71 0 1 2 3 4 5 6 7 8 9 10 11 13 14 15 16 17 20 21 22 23 26 27 28 29 30 31 32 33 34 35 36 37 38 39 40 41 43 44 45 46 47 50 51 52 53 56 57 58 59 60 61 62 63 64 65 66 67 68 69 70 71 74 75 76 77 80 81 82 83 86 87 88 89 90 91 92 93 94 95 96 97 98 99 100 101 103 104 105 106 107 109 110 111 112 113 115 116 117 118 119 120 121 122 123 124 125 126 127 128 129 130 131 132 133 134 135 136 137 138 139 140 141 142 143 144 145 146 147 148 149 150 
c 1 0 72 88 89 118 119 142 143 148 149 
c 1 0 73 88 89 118 119 142 143 148 149 
c 1 0 74 88 89 112 113 118 119 136 137 142 143 148 149 
c 1 0 75 9 10 11 15 16 17 21 22 23 27 28 29 34 35 39 40 41 45 46 47 51 52 53 57 58 59 63 64 65 69 70 71 75 76 77 81 82 83 87 88 89 93 94 95 99 100 101 105 106 107 111 112 113 117 118 119 123 124 125 129 130 131 135 136 137 141 142 143 147 148 149 
c 1 0 76 0 1 2 3 4 5 7 8 9 10 11 14 15 16 17 21 22 23 27 28 29 30 31 32 33 34 35 38 39 40 41 44 45 46 47 51 52 53 57 58 59 60 61 62 63 64 65 68 69 70 71 75 76 77 81 82 83 87 88 89 90 91 92 93 94 95 98 99 100 101 105 106 107 111 112 113 117 118 119 120 121 122 123 124 125 128 129 130 131 134 135 136 137 140 141 142 143 146 147 148 149 150 
c 1 0 77 0 1 2 3 4 5 6 7 8 9 10 11 13 14 15 16 17 20 21 22 23 26 27 28 29 30 31 32 33 34 35 36 37 38 39 40 41 43 44 45 46 47 50 51 52 53 56 57 58 59 60 61 62 63 64 65 66 67 68 69 70 71 73 74 75 76 77 80 81 82 83 86 87 88 89 90 91 92 93 94 95 96 97 98 99 100 101 103 104 105 106 107 109 110 111 112 113 115 116 117 118 119 120 121 122 123 124 125 126 127 128 129 130 131 132 133 134 135 136 137 138 139 140 141 142 143 144 145 146 147 148 149 150 
c 1 0 78 118 119 142 143 148 149 
c 1 0 79 118 119 142 143 148 149 
c 1 0 80 88 89 118 119 137 142 143 148 149 
c 1 0 81 5 9 10 11 15 16 17 21 22 23 27 28 29 34 35 39 40 41 45 46 47 51 52 53 57 58 59 63 64 65 69 70 71 75 76 77 81 82 83 87 88 89 93 94 95 99 100 101 105 106 107 111 112 113 117 118 119 123 124 125 129 130 131 135 136 137 141 142 143 147 148 149 
c 1 0 82 0 1 2 3 4 5 7 8 9 10 11 14 15 16 17 21 22 23 27 28 29 30 31 32 33 34 35 38 39 40 41 44 45 46 47 51 52 53 57 58 59 60 61 62 63 64 65 68 69 70 71 75 76 77 81 82 83 87 88 89 90 91 92 93 94 95 98 99 100 101 105 106 107 111 112 113 117 118 119 120 121 122 123 124 125 128 129 130 131 134 135 136 137 140 141 142 143 146 147 148 149 150 
c 1 0 83 0 1 2 3 4 5 6 7 8 9 10 11 13 14 15 16 17 20 21 22 23 26 27 28 29 30 31 32 33 34 35 36 37 38 39 40 41 43 44 45 46 47 50 51 52 53 56 57 58 59 60 61 62 63 64 65 66 67 68 69 70 71 73 74 75 76 77 80 81 82 83 86 87 88 89 90 91 92 93 94 95 96 97 98 99 100 101 103 104 105 106 107 109 110 111 112 113 115 116 117 118 119 120 121 122 123 124 125 126 127 128 129 130 131 132 133 134 135 136 137 138 139 140 141 142 143 144 145 146 147 148 149 150 
c 1 0 84 148 149 
c 1 0 85 119 143 148 149 
c 1 0 86 88 118 119 143 149 
c 1 0 87 5 9 10 11 15 16 17 21 22 23 27 28 29 34 35 39 40 41 45 46 47 51 52 53 57 58 59 63 64 65 69 70 71 75 76 77 81 82 83 87 88 89 93 94 95 99 100 101 105 106 107 111 112 113 117 118 119 123 124 125 129 130 131 135 136 137 141 142 143 147 148 149 
c 1 0 88 0 1 2 3 4 5 7 8 9 10 11 14 15 16 17 21 22 23 27 28 29 30 31 32 33 34 35 38 39 40 41 44 45 46 47 51 52 53 57 58 59 60 61 62 63 64 65 68 69 70 71 75 76 77 81 82 83 87 88 89 90 91 92 93 94 95 98 99 100 101 105 106 107 111 112 113 117 118 119 120 121 122 123 124 125 128 129 130 131 134 135 136 137 140 141 142 143 146 147 148 149 150 
c 1 0 89 0 1 2 3 4 5 6 7 8 9 10 11 13 14 15 16 17 20 21 22 23 26 27 28 30 31 32 33 34 35 36 37 38 39 40 41 43 44 45 46 47 50 51 52 53 56 57 58 60 61 62 63 64 65 66 67 68 69 70 71 73 74 75 76 77 80 81 82 86 87 90 91 92 93 94 95 96 97 98 99 100 101 103 104 105 106 107 109 110 111 112 115 116 117 118 120 121 122 123 124 125 126 127 128 129 130 131 132 133 134 135 136 137 138 139 140 141 142 143 144 145 146 147 148 149 150 
c 1 0 90 58 59 82 83 87 88 89 112 113 118 119 136 137 142 143 148 149 
c 1 0 91 58 59 82 83 87 88 89 112 113 118 119 136 137 142 143 148 149 
c 1 0 92 58 59 82 83 87 88 89 112 113 118 119 136 137 142 143 148 149 
c 1 0 93 22 27 28 29 46 51 52 53 57 58 59 76 77 81 82 83 87 88 89 101 105 106 107 111 112 113 117 118 119 130 131 136 137 142 143 148 149 
c 1 0 94 10 11 15 16 17 21 22 23 27 28 29 34 35 39 40 41 45 46 47 51 52 53 57 58 59 64 65 69 70 71 75 76 77 81 82 83 87 88 89 94 95 99 100 101 105 106 107 111 112 113 117 118 119 123 124 125 129 130 131 135 136 137 141 142 143 147 148 149 
c 1 0 95 0 1 2 3 4 5 8 9 10 11 15 16 17 21 22 23 27 28 29 30 31 32 33 34 35 38 39 40 41 45 46 47 51 52 53 57 58 59 60 61 62 63 64 65 68 69 70 71 75 76 77 81 82 83 87 88 89 90 91 92 93 94 95 98 99 100 101 105 106 107 111 112 113 117 118 119 120 121 122 123 124 125 129 130 131 135 136 137 141 142 143 147 148 149 150 
c 1 0 96 88 89 112 113 118 119 137 142 143 148 149 
c 1 0 97 88 89 112 113 118 119 136 137 142 143 148 149 
c 1 0 98 58 87 88 89 112 113 118 119 136 137 142 143 148 149 
c 1 0 99 16 17 21 22 23 27 28 29 40 41 45 46 47 51 52 53 57 58 59 70 71 75 76 77 81 82 83 87 88 89 99 100 101 105 106 107 111 112 113 117 118 119 124 125 129 130 131 135 136 137 141 142 143 147 148 149 
c 1 0 100 3 4 5 9 10 11 15 16 17 21 22 23 27 28 29 30 31 32 33 34 35 39 40 41 45 46 47 51 52 53 57 58 59 63 64 65 69 70 71 75 76 77 81 82 83 87 88 89 90 91 92 93 94 95 99 100 101 105 106 107 111 112 113 117 118 119 120 121 122 123 124 125 129 130 131 135 136 137 141 142 143 147 148 149 150 
c 1 0 101 0 1 2 3 4 5 7 8 9 10 11 14 15 16 17 21 22 23 27 28 29 30 31 32 33 34 35 37 38 39 40 41 44 45 46 47 51 52 53 57 58 59 60 61 62 63 64 65 68 69 70 71 74 75 76 77 81 82 83 87 88 89 90 91 92 93 94 95 98 99 100 101 105 106 107 111 112 113 117 118 119 120 121 122 123 124 125 128 129 130 131 134 135 136 137 140 141 142 143 146 147 148 149 150 
c 1 0 102 88 89 118 119 142 143 148 149 
c 1 0 103 88 89 118 119 142 143 148 149 
c 1 0 104 88 89 112 113 118 119 137 142 143 148 149 
c 1 0 105 16 17 21 22 23 27 28 29 40 41 45 46 47 51 52 53 57 58 59 70 71 75 76 77 81 82 83 87 88 89 95 99 100 101 105 106 107 111 112 113 117 118 119 124 125 129 130 131 135 136 137 141 142 143 147 148 149 
c 1 0 106 3 4 5 9 10 11 15 16 17 21 22 23 27 28 29 30 31 32 33 34 35 39 40 41 45 46 47 51 52 53 57 58 59 63 64 65 69 70 71 75 76 77 81 82 83 87 88 89 90 91 92 93 94 95 99 100 101 105 106 107 111 112 113 117 118 119 120 121 122 123 124 125 129 130 131 135 136 137 141 142 143 147 148 149 150 
c 1 0 107 0 1 2 3 4 5 7 8 9 10 11 14 15 16 17 21 22 23 27 28 29 30 31 32 33 34 35 37 38 39 40 41 44 45 46 47 51 52 53 57 58 59 60 61 62 63 64 65 68 69 70 71 74 75 76 77 81 82 83 87 88 89 90 91 92 93 94 95 98 99 100 101 105 106 107 111 112 113 117 118 119 120 121 122 123 124 125 128 129 130 131 134 135 136 137 140 141 142 143 146 147 148 149 150 
c 1 0 108 118 119 143 148 149 
c 1 0 109 118 119 142 143 148 149 
c 1 0 110 88 89 118 119 142 143 148 149 
c 1 0 111 16 17 21 22 23 27 28 29 40 41 45 46 47 51 52 53 57 58 59 70 71 75 76 77 81 82 83 87 88 89 95 99 100 101 105 106 107 111 112 113 117 118 119 124 125 129 130 131 135 136 137 141 142 143 147 148 149 
c 1 0 112 3 4 5 9 10 11 15 16 17 21 22 23 27 28 29 30 31 32 33 34 35 39 40 41 45 46 47 51 52 53 57 58 59 63 64 65 69 70 71 75 76 77 81 82 83 87 88 89 90 91 92 93 94 95 99 100 101 105 106 107 111 112 113 117 118 119 120 121 122 123 124 125 129 130 131 135 136 137 141 142 143 147 148 149 150 
c 1 0 113 0 1 2 3 4 5 7 8 9 10 11 14 15 16 17 21 22 23 27 28 29 30 31 32 33 34 35 37 38 39 40 41 44 45 46 47 51 52 53 57 58 59 60 61 62 63 64 65 68 69 70 71 74 75 76 77 81 82 83 87 88 89 90 91 92 93 94 95 98 99 100 101 105 106 107 111 112 113 117 118 119 120 121 122 123 124 125 128 129 130 131 134 135 136 137 140 141 142 143 146 147 148 149 150 
c 1 0 114 148 
c 1 0 115 148 149 
c 1 0 116 118 119 143 149 
c 1 0 117 16 17 21 22 23 27 28 29 40 41 45 46 47 51 52 53 57 58 59 70 71 75 76 77 81 82 83 87 88 89 95 99 100 101 105 106 107 111 112 113 117 118 119 124 125 129 130 131 135 136 137 141 142 143 147 148 149 
c 1 0 118 3 4 5 9 10 11 15 16 17 21 22 23 27 28 29 30 31 32 33 34 35 39 40 41 45 46 47 51 52 53 57 58 59 63 64 65 69 70 71 75 76 77 81 82 83 87 88 89 90 91 92 93 94 95 99 100 101 105 106 107 111 112 113 117 118 119 120 121 122 123 124 125 129 130 131 135 136 137 141 142 143 147 148 149 150 
c 1 0 119 0 1 2 3 4 5 7 8 9 10 11 14 15 16 17 21 22 23 27 28 29 30 31 32 33 34 35 37 38 39 40 41 44 45 46 47 51 52 53 57 58 59 60 61 62 63 64 65 68 69 70 71 74 75 76 77 81 82 83 87 88 89 90 91 92 93 94 95 98 99 100 101 105 106 107 111 112 113 117 118 119 120 121 122 123 124 125 128 129 130 131 134 135 136 137 140 141 142 143 146 147 148 149 150 
c 1 0 120 58 59 82 83 87 88 89 112 113 118 119 136 137 142 143 148 149 
c 1 0 121 58 59 82 83 87 88 89 112 113 118 119 136 137 142 143 148 149 
c 1 0 122 58 59 82 83 87 88 89 112 113 118 119 136 137 142 143 148 149 
c 1 0 123 22 23 27 28 29 46 47 51 52 53 57 58 59 76 77 81 82 83 87 88 89 100 101 105 106 107 111 112 113 117 118 119 130 131 136 137 142 143 148 149 
c 1 0 124 10 11 15 16 17 21 22 23 27 28 29 35 39 40 41 45 46 47 51 52 53 57 58 59 64 65 69 70 71 75 76 77 81 82 83 87 88 89 94 95 99 100 101 105 106 107 111 112 113 117 118 119 123 124 125 129 130 131 135 136 137 141 142 143 147 148 149 
c 1 0 125 3 4 5 9 10 11 15 16 17 21 22 23 27 28 29 33 34 35 39 40 41 45 46 47 51 52 53 57 58 59 63 64 65 69 70 71 75 76 77 81 82 83 87 88 89 93 94 95 99 100 101 105 106 107 111 112 113 117 118 119 123 124 125 129 130 131 135 136 137 141 142 143 147 148 149 
c 1 0 126 88 89 118 119 142 143 148 149 
c 1 0 127 88 89 112 113 118 119 137 142 143 148 149 
c 1 0 128 58 88 89 112 113 118 119 136 137 142 143 148 149 
c 1 0 129 22 23 27 28 29 46 47 51 52 53 57 58 59 70 71 76 77 81 82 83 87 88 89 100 101 105 106 107 111 112 113 117 118 119 130 131 136 137 142 143 148 149 
c 1 0 130 10 11 15 16 17 21 22 23 27 28 29 35 39 40 41 45 46 47 51 52 53 57 58 59 64 65 69 70 71 75 76 77 81 82 83 87 88 89 94 95 99 100 101 105 106 107 111 112 113 117 118 119 123 124 125 129 130 131 135 136 137 141 142 143 147 148 149 
c 1 0 131 3 4 5 9 10 11 15 16 17 21 22 23 27 28 29 33 34 35 39 40 41 45 46 47 51 52 53 57 58 59 63 64 65 69 70 71 75 76 77 81 82 83 87 88 89 93 94 95 99 100 101 105 106 107 111 112 113 117 118 119 123 124 125 129 130 131 135 136 137 141 142 143 147 148 149 
c 1 0 132 118 119 142 143 148 149 
c 1 0 133 118 119 142 143 148 149 
c 1 0 134 88 89 113 118 119 137 142 143 148 149 
c 1 0 135 22 23 27 28 29 46 47 51 52 53 57 58 59 70 71 76 77 81 82 83 87 88 89 100 101 105 106 107 111 112 113 117 118 119 130 131 136 137 142 143 148 149 
c 1 0 136 10 11 15 16 17 21 22 23 27 28 29 35 39 40 41 45 46 47 51 52 53 57 58 59 64 65 69 70 71 75 76 77 81 82 83 87 88 89 94 95 99 100 101 105 106 107 111 112 113 117 118 119 123 124 125 129 130 131 135 136 137 141 142 143 147 148 149 
c 1 0 137 3 4 5 9 10 11 15 16 17 21 22 23 27 28 29 33 34 35 39 40 41 45 46 47 51 52 53 57 58 59 63 64 65 69 70 71 75 76 77 81 82 83 87 88 89 93 94 95 99 100 101 105 106 107 111 112 113 117 118 119 123 124 125 129 130 131 135 136 137 141 142 143 147 148 149 
c 1 0 138 148 149 
c 1 0 139 149 
c 1 0 140 88 118 119 142 143 148 149 
c 1 0 141 22 23 27 28 29 46 47 51 52 53 57 58 59 70 71 76 77 81 82 83 87 88 89 100 101 105 106 107 111 112 113 117 118 119 130 131 136 137 142 143 148 149 
c 1 0 142 10 11 15 16 17 21 22 23 27 28 29 35 39 40 41 45 46 47 51 52 53 57 58 59 64 65 69 70 71 75 76 77 81 82 83 87 88 89 94 95 99 100 101 105 106 107 111 112 113 117 118 119 123 124 125 129 130 131 135 136 137 141 142 143 147 148 149 
c 1 0 143 3 4 5 9 10 11 15 16 17 21 22 23 27 28 29 33 34 35 39 40 41 45 46 47 51 52 53 57 58 59 63 64 65 69 70 71 75 76 77 81 82 83 87 88 89 93 94 95 99 100 101 105 106 107 111 112 113 117 118 119 123 124 125 129 130 131 135 136 137 141 142 143 147 148 149 
c 1 0 144 
c 1 0 145 149 
c 1 0 146 88 118 119 142 143 148 149 
c 1 0 147 22 23 27 28 29 46 47 51 52 53 57 58 59 70 71 76 77 81 82 83 87 88 89 100 101 105 106 107 111 112 113 117 118 119 130 131 136 137 142 143 148 149 
c 1 0 148 10 11 15 16 17 21 22 23 27 28 29 35 39 40 41 45 46 47 51 52 53 57 58 59 64 65 69 70 71 75 76 77 81 82 83 87 88 89 94 95 99 100 101 105 106 107 111 112 113 117 118 119 123 124 125 129 130 131 135 136 137 141 142 143 147 148 149 
c 1 0 149 3 4 5 9 10 11 15 16 17 21 22 23 27 28 29 33 34 35 39 40 41 45 46 47 51 52 53 57 58 59 63 64 65 69 70 71 75 76 77 81 82 83 87 88 89 93 94 95 99 100 101 105 106 107 111 112 113 117 118 119 123 124 125 129 130 131 135 136 137 141 142 143 147 148 149 
c 1 0 150 58 59 82 83 87 88 89 106 107 112 113 118 119 136 137 142 143 148 149 
c 2 0 0 59 
c 2 0 1 59 
c 2 0 2 59 
c 2 0 3 29 59 83 89 
c 2 0 4 29 53 58 59 83 89 
c 2 0 5 29 53 58 59 83 89 
c 2 0 6 59 
c 2 0 7 59 
c 2 0 8 59 
c 2 0 9 29 53 59 83 89 
c 2 0 10 29 53 58 59 77 83 89 
c 2 0 11 23 28 29 47 52 53 58 59 77 82 83 88 89 107 113 119 
c 2 0 12 
c 2 0 13 
c 2 0 14 59 
c 2 0 15 29 53 58 59 83 89 
c 2 0 16 23 28 29 47 52 53 58 59 77 82 83 88 89 107 113 119 
c 2 0 17 16 17 22 23 27 28 29 41 46 47 51 52 53 57 58 59 70 71 76 77 81 82 83 87 88 89 100 101 106 107 112 113 118 119 125 131 137 143 149 
c 2 0 18 
c 2 0 19 
c 2 0 20 59 
c 2 0 21 23 28 29 53 58 59 77 83 89 
c 2 0 22 17 22 23 27 28 29 41 46 47 52 53 57 58 59 71 76 77 82 83 88 89 100 101 106 107 112 113 118 119 125 131 137 143 149 
c 2 0 23 3 4 5 9 10 11 15 16 17 21 22 23 27 28 29 33 34 35 39 40 41 45 46 47 51 52 53 57 58 59 63 64 65 69 70 71 75 76 77 81 82 83 87 88 89 93 94 95 99 100 101 105 106 107 111 112 113 117 118 119 123 124 125 129 130 131 135 136 137 141 142 143 147 148 149 
c 2 0 24 
c 2 0 25 
c 2 0 26 
c 2 0 27 23 28 29 47 52 53 58 59 77 82 83 88 89 107 113 119 
c 2 0 28 5 10 11 15 16 17 21 22 23 27 28 29 34 35 39 40 41 45 46 47 51 52 53 57 58 59 64 65 69 70 71 75 76 77 81 82 83 87 88 89 94 95 99 100 101 105 106 107 111 112 113 117 118 119 124 125 130 131 136 137 142 143 148 149 
c 2 0 29 0 1 2 3 4 5 6 7 8 9 10 11 14 15 16 17 20 21 22 23 26 27 28 29 30 31 32 33 34 35 36 37 38 39 40 41 44 45 46 47 50 51 52 53 57 58 60 61 62 63 64 65 67 68 69 70 71 74 75 76 77 80 81 82 83 86 87 88 90 91 92 93 94 95 97 98 99 100 101 104 105 106 107 110 111 112 113 116 117 118 119 120 121 122 123 124 125 126 127 128 129 130 131 132 133 134 135 136 137 138 139 140 141 142 143 144 145 146 147 148 149 150 
c 2 0 30 59 
c 2 0 31 59 
c 2 0 32 59 
c 2 0 33 29 59 83 89 
c 2 0 34 29 53 58 59 83 89 
c 2 0 35 23 28 29 53 58 59 77 83 89 
c 2 0 36 59 
c 2 0 37 59 
c 2 0 38 59 
c 2 0 39 29 53 58 59 83 89 
c 2 0 40 23 28 29 53 58 59 77 83 89 
c 2 0 41 17 22 23 28 29 46 47 52 53 58 59 71 76 77 82 83 88 89 101 107 113 119 
c 2 0 42 
c 2 0 43 
c 2 0 44 59 
c 2 0 45 29 53 58 59 83 89 
c 2 0 46 17 22 23 28 29 47 52 53 58 59 71 76 77 82 83 88 89 101 107 113 119 
c 2 0 47 10 11 15 16 17 21 22 23 27 28 29 35 40 41 45 46 47 51 52 53 57 58 59 64 65 69 70 71 75 76 77 81 82 83 87 88 89 94 95 99 100 101 105 106 107 111 112 113 117 118 119 124 125 130 131 136 137 142 143 148 149 
c 2 0 48 
c 2 0 49 
c 2 0 50 
c 2 0 51 23 28 29 47 52 53 58 59 77 82 83 88 89 
c 2 0 52 11 16 17 21 22 23 27 28 29 35 40 41 45 46 47 51 52 53 57 58 59 65 70 71 75 76 77 81 82 83 87 88 89 95 100 101 106 107 112 113 118 119 125 131 137 143 149 
c 2 0 53 0 1 2 3 4 5 7 8 9 10 11 14 15 16 17 21 22 23 27 28 29 30 31 32 33 34 35 37 38 39 40 41 44 45 46 47 51 52 53 57 58 59 60 61 62 63 64 65 68 69 70 71 74 75 76 77 81 82 83 87 88 89 90 91 92 93 94 95 98 99 100 101 104 105 106 107 110 111 112 113 116 117 118 119 120 121 122 123 124 125 127 128 129 130 131 133 134 135 136 137 139 140 141 142 143 145 146 147 148 149 150 
c 2 0 54 
c 2 0 55 
c 2 0 56 
c 2 0 57 23 28 29 47 52 53 58 59 77 82 83 88 89 101 107 113 119 
c 2 0 58 5 10 11 15 16 17 21 22 23 27 28 29 34 35 40 41 45 46 47 51 52 53 57 58 59 64 65 69 70 71 75 76 77 81 82 83 87 88 89 94 95 99 100 101 105 106 107 111 112 113 117 118 119 124 125 130 131 136 137 142 143 148 149 
c 2 0 59 0 1 2 3 4 5 6 7 8 9 10 11 14 15 16 17 20 21 22 23 27 28 29 30 31 32 33 34 35 36 37 38 39 40 41 44 45 46 47 50 51 52 53 57 58 60 61 62 63 64 65 67 68 69 70 71 74 75 76 77 81 82 83 87 88 90 91 92 93 94 95 97 98 99 100 101 104 105 106 107 110 111 112 113 116 117 118 119 120 121 122 123 124 125 127 128 129 130 131 133 134 135 136 137 139 140 141 142 143 145 146 147 148 149 150 
c 2 0 60 59 
c 2 0 61 59 
c 2 0 62 59 
c 2 0 63 29 59 83 89 
c 2 0 64 29 53 58 59 83 89 
c 2 0 65 23 28 29 47 52 53 58 59 77 82 83 88 89 107 113 119 
c 2 0 66 
c 2 0 67 59 
c 2 0 68 59 
c 2 0 69 29 53 58 59 83 89 
c 2 0 70 23 28 29 47 52 53 58 59 77 82 83 88 89 107 113 119 
c 2 0 71 17 22 23 28 29 41 46 47 52 53 57 58 59 71 76 77 82 83 88 89 100 101 106 107 112 113 118 119 
c 2 0 72 
c 2 0 73 
c 2 0 74 59 
c 2 0 75 23 28 29 53 58 59 77 83 89 
c 2 0 76 17 22 23 27 28 29 41 46 47 52 53 57 58 59 71 76 77 82 83 88 89 100 101 106 107 112 113 118 119 
c 2 0 77 4 5 9 10 11 15 16 17 21 22 23 27 28 29 33 34 35 39 40 41 45 46 47 51 52 53 57 58 59 63 64 65 69 70 71 75 76 77 81 82 83 87 88 89 93 94 95 99 100 101 105 106 107 111 112 113 117 118 119 123 124 125 129 130 131 135 136 137 141 142 143 147 148 149 
c 2 0 78 
c 2 0 79 
c 2 0 80 
c 2 0 81 23 28 29 52 53 58 59 77 83 89 
c 2 0 82 16 17 22 23 27 28 29 41 46 47 52 53 57 58 59 71 76 77 82 83 88 89 100 101 106 107 112 113 118 119 125 131 137 143 149 
c 2 0 83 4 5 9 10 11 15 16 17 21 22 23 27 28 29 33 34 35 39 40 41 45 46 47 51 52 53 57 58 59 63 64 65 69 70 71 75 76 77 81 82 83 87 88 89 93 94 95 99 100 101 105 106 107 111 112 113 117 118 119 123 124 125 129 130 131 135 136 137 141 142 143 147 148 149 
c 2 0 84 
c 2 0 85 
c 2 0 86 
c 2 0 87 23 28 29 52 53 58 59 77 83 89 
c 2 0 88 16 17 22 23 27 28 29 41 46 47 52 53 57 58 59 71 76 77 82 83 88 89 100 101 106 107 112 113 118 119 125 131 137 143 149 
c 2 0 89 4 5 9 10 11 15 16 17 21 22 23 27 28 29 33 34 35 39 40 41 45 46 47 51 52 53 57 58 63 64 65 69 70 71 75 76 77 81 82 83 87 88 93 94 95 99 100 101 105 106 107 111 112 113 117 118 119 123 124 125 129 130 131 135 136 137 141 142 143 147 148 149 
c 2 0 90 59 
c 2 0 91 59 
c 2 0 92 59 
c 2 0 93 29 59 83 89 
c 2 0 94 29 53 58 59 83 89 
c 2 0 95 23 28 29 47 52 53 58 59 77 82 83 88 89 107 113 119 
c 2 0 96 
c 2 0 97 59 
c 2 0 98 59 
c 2 0 99 29 53 58 59 83 89 
c 2 0 100 23 28 29 47 52 53 58 59 77 82 83 88 89 101 107 113 119 
c 2 0 101 11 16 17 22 23 27 28 29 41 46 47 51 52 53 57 58 59 70 71 76 77 82 83 88 89 100 101 106 107 112 113 118 119 125 131 137 143 149 
c 2 0 102 
c 2 0 103 
c 2 0 104 59 
c 2 0 105 29 53 58 59 83 89 
c 2 0 106 23 28 29 47 52 53 58 59 77 82 83 88 89 101 107 113 119 
c 2 0 107 11 16 17 22 23 27 28 29 41 46 47 51 52 53 57 58 59 70 71 76 77 82 83 88 89 100 101 106 107 112 113 118 119 125 131 137 143 149 
c 2 0 108 
c 2 0 109 
c 2 0 110 
c 2 0 111 29 53 58 59 83 89 
c 2 0 112 23 28 29 47 52 53 58 59 77 82 83 88 89 101 107 113 119 
c 2 0 113 11 16 17 22 23 27 28 29 41 46 47 51 52 53 57 58 59 70 71 76 77 82 83 88 89 100 101 106 107 112 113 118 119 125 131 137 143 149 
c 2 0 114 
c 2 0 115 
c 2 0 116 
c 2 0 117 29 53 58 59 83 89 
c 2 0 118 23 28 29 47 52 53 58 59 77 82 83 88 89 101 107 113 119 
c 2 0 119 11 16 17 22 23 27 28 29 41 46 47 51 52 53 57 58 59 70 71 76 77 82 83 88 89 100 101 106 107 112 113 118 119 125 131 137 143 149 
c 2 0 120 59 
c 2 0 121 59 
c 2 0 122 59 
c 2 0 123 29 53 59 83 89 
c 2 0 124 23 29 53 58 59 77 83 89 
c 2 0 125 23 28 29 47 52 53 58 59 77 82 83 88 89 107 113 119 
c 2 0 126 
c 2 0 127 59 
c 2 0 128 59 
c 2 0 129 29 53 59 83 89 
c 2 0 130 23 29 53 58 59 77 83 89 
c 2 0 131 23 28 29 47 52 53 58 59 77 82 83 88 89 107 113 119 
c 2 0 132 
c 2 0 133 
c 2 0 134 59 
c 2 0 135 29 53 59 83 89 
c 2 0 136 23 29 53 58 59 77 83 89 
c 2 0 137 23 28 29 47 52 53 58 59 77 82 83 88 89 107 113 119 
c 2 0 138 
c 2 0 139 
c 2 0 140 59 
c 2 0 141 29 53 59 83 89 
c 2 0 142 23 29 53 58 59 77 83 89 
c 2 0 143 23 28 29 47 52 53 58 59 77 82 83 88 89 107 113 119 
c 2 0 144 
c 2 0 145 
c 2 0 146 59 
c 2 0 147 29 53 59 83 89 
c 2 0 148 23 29 53 58 59 77 83 89 
c 2 0 149 23 28 29 47 52 53 58 59 77 82 83 88 89 107 113 119 
c 2 0 150 59 
c 3 2 0 
c 3 2 1 
c 3 2 2 
c 3 2 3 
c 3 2 4 
c 3 2 5 
c 3 2 6 
c 3 2 7 
c 3 2 8 
c 3 2 9 
c 3 2 10 
c 3 2 11 
c 3 2 12 
c 3 2 13 
c 3 2 14 
c 3 2 15 
c 3 2 16 
c 3 2 17 
c 3 2 18 
c 3 2 19 
c 3 2 20 
c 3 2 21 
c 3 2 22 
c 3 2 23 
c 3 2 24 
c 3 2 25 
c 3 2 26 
c 3 2 27 
c 3 2 28 
c 3 2 29 
c 3 2 30 
c 3 2 31 
c 3 2 32 
c 3 2 33 
c 3 2 34 
c 3 2 35 
c 3 2 36 
c 3 2 37 
c 3 2 38 
c 3 2 39 
c 3 2 40 
c 3 2 41 
c 3 2 42 
c 3 2 43 
c 3 2 44 
c 3 2 45 
c 3 2 46 
c 3 2 47 
c 3 2 48 
c 3 2 49 
c 3 2 50 
c 3 2 51 
c 3 2 52 
c 3 2 53 
c 3 2 54 
c 3 2 55 
c 3 2 56 
c 3 2 57 
c 3 2 58 
c 3 2 59 
c 3 2 60 
c 3 2 61 
c 3 2 62 
c 3 2 63 
c 3 2 64 
c 3 2 65 
c 3 2 66 
c 3 2 67 
c 3 2 68 
c 3 2 69 
c 3 2 70 
c 3 2 71 
c 3 2 72 
c 3 2 73 
c 3 2 74 
c 3 2 75 
c 3 2 76 
c 3 2 77 
c 3 2 78 
c 3 2 79 
c 3 2 80 
c 3 2 81 
c 3 2 82 
c 3 2 83 
c 3 2 84 
c 3 2 85 
c 3 2 86 
c 3 2 87 
c 3 2 88 
c 3 2 89 
c 3 2 90 
c 3 2 91 
c 3 2 92 
c 3 2 93 
c 3 2 94 
c 3 2 95 
c 3 2 96 
c 3 2 97 
c 3 2 98 
c 3 2 99 
c 3 2 100 
c 3 2 101 
c 3 2 102 
c 3 2 103 
c 3 2 104 
c 3 2 105 
c 3 2 106 
c 3 2 107 
c 3 2 108 
c 3 2 109 
c 3 2 110 
c 3 2 111 
c 3 2 112 
c 3 2 113 
c 3 2 114 
c 3 2 115 
c 3 2 116 
c 3 2 117 
c 3 2 118 
c 3 2 119 
c 3 2 120 
c 3 2 121 
c 3 2 122 
c 3 2 123 
c 3 2 124 
c 3 2 125 
c 3 2 126 
c 3 2 127 
c 3 2 128 
c 3 2 129 
c 3 2 130 
c 3 2 131 
c 3 2 132 
c 3 2 133 
c 3 2 134 
c 3 2 135 
c 3 2 136 
c 3 2 137 
c 3 2 138 
c 3 2 139 
c 3 2 140 
c 3 2 141 
c 3 2 142 
c 3 2 143 
c 3 2 144 
c 3 2 145 
c 3 2 146 
c 3 2 147 
c 3 2 148 
c 3 2 149 
c 3 2 150 
m 0 26 0 1 0
m 1 21 0 1 1
m 2 18 0 1 2
m 3 18 0 1 4
m 4 21 0 1 5
m 5 26 0 1 6
m 6 29 0 2 0
m 7 24 0 2 1
m 8 21 0 2 2
m 9 21 0 2 4
m 10 24 0 2 5
m 11 29 0 2 6
m 12 34 0 3 0
m 13 29 0 3 1
m 14 26 0 3 2
m 15 26 0 3 4
m 16 29 0 3 5
m 17 34 0 3 6
m 18 41 0 4 0
m 19 36 0 4 1
m 20 33 0 4 2
m 21 33 0 4 4
m 22 36 0 4 5
m 23 41 0 4 6
m 24 50 0 5 0
m 25 45 0 5 1
m 26 42 0 5 2
m 27 42 0 5 4
m 28 45 0 5 5
m 29 50 0 5 6
m 30 19 1 1 0
m 31 14 1 1 1
m 32 11 1 1 2
m 33 11 1 1 4
m 34 14 1 1 5
m 35 19 1 1 6
m 36 22 1 2 0
m 37 17 1 2 1
m 38 14 1 2 2
m 39 14 1 2 4
m 40 17 1 2 5
m 41 22 1 2 6
m 42 27 1 3 0
m 43 22 1 3 1
m 44 19 1 3 2
m 45 19 1 3 4
m 46 22 1 3 5
m 47 27 1 3 6
m 48 34 1 4 0
m 49 29 1 4 1
m 50 26 1 4 2
m 51 26 1 4 4
m 52 29 1 4 5
m 53 34 1 4 6
m 54 43 1 5 0
m 55 38 1 5 1
m 56 35 1 5 2
m 57 35 1 5 4
m 58 38 1 5 5
m 59 43 1 5 6
m 60 14 2 1 0
m 61 9 2 1 1
m 62 6 2 1 2
m 63 6 2 1 4
m 64 9 2 1 5
m 65 14 2 1 6
m 66 17 2 2 0
m 67 12 2 2 1
m 68 9 2 2 2
m 69 9 2 2 4
m 70 12 2 2 5
m 71 17 2 2 6
m 72 22 2 3 0
m 73 17 2 3 1
m 74 14 2 3 2
m 75 14 2 3 4
m 76 17 2 3 5
m 77 22 2 3 6
m 78 29 2 4 0
m 79 24 2 4 1
m 80 21 2 4 2
m 81 21 2 4 4
m 82 24 2 4 5
m 83 29 2 4 6
m 84 38 2 5 0
m 85 33 2 5 1
m 86 30 2 5 2
m 87 30 2 5 4
m 88 33 2 5 5
m 89 38 2 5 6
m 90 11 3 1 0
m 91 6 3 1 1
m 92 3 3 1 2
m 93 3 3 1 4
m 94 6 3 1 5
m 95 11 3 1 6
m 96 14 3 2 0
m 97 9 3 2 1
m 98 6 3 2 2
m 99 6 3 2 4
m 100 9 3 2 5
m 101 14 3 2 6
m 102 19 3 3 0
m 103 14 3 3 1
m 104 11 3 3 2
m 105 11 3 3 4
m 106 14 3 3 5
m 107 19 3 3 6
m 108 26 3 4 0
m 109 21 3 4 1
m 110 18 3 4 2
m 111 18 3 4 4
m 112 21 3 4 5
m 113 26 3 4 6
m 114 35 3 5 0
m 115 30 3 5 1
m 116 27 3 5 2
m 117 27 3 5 4
m 118 30 3 5 5
m 119 35 3 5 6
m 120 10 4 1 0
m 121 5 4 1 1
m 122 2 4 1 2
m 123 2 4 1 4
m 124 5 4 1 5
m 125 10 4 1 6
m 126 13 4 2 0
m 127 8 4 2 1
m 128 5 4 2 2
m 129 5 4 2 4
m 130 8 4 2 5
m 131 13 4 2 6
m 132 18 4 3 0
m 133 13 4 3 1
m 134 10 4 3 2
m 135 10 4 3 4
m 136 13 4 3 5
m 137 18 4 3 6
m 138 25 4 4 0
m 139 20 4 4 1
m 140 17 4 4 2
m 141 17 4 4 4
m 142 20 4 4 5
m 143 25 4 4 6
m 144 34 4 5 0
m 145 29 4 5 1
m 146 26 4 5 2
m 147 26 4 5 4
m 148 29 4 5 5
m 149 34 4 5 6
m 150 0 4 0 3
